1.0,1.0,14.0,14.0,13.0,12.0,10.0,8.0,47.405792,11.229419,1.873283,0.176841,0.0,0.0,0.0,0.0,0.538302,0.086364,1.0,0.0
1.0,1.0,2.0,2.0,2.0,2.0,2.0,1.0,31.537569,24.030768,11.270434,0.0,0.0,0.0,0.0,0.0,0.481576,0.121771,0.0,1.0
1.0,1.0,64.0,58.0,56.0,51.0,47.0,32.0,40.989728,17.845018,4.112388,0.724718,0.057052,0.0,0.0,0.0,0.549593,0.092517,0.0,1.0
1.0,1.0,5.0,5.0,5.0,5.0,3.0,2.0,38.096555,16.829725,0.942152,0.120212,0.003909,0.003909,0.003909,0.003909,0.537248,0.099688,0.0,0.0
1.0,1.0,37.0,36.0,35.0,34.0,32.0,23.0,14.909042,6.025305,0.471824,0.056497,0.0,0.0,0.0,0.0,0.502927,0.116047,0.0,0.0
1.0,1.0,33.0,32.0,32.0,29.0,28.0,25.0,15.49109,4.974087,0.935407,0.00474,0.0,0.0,0.0,0.0,0.54934,0.118506,0.0,1.0
1.0,1.0,40.0,36.0,30.0,26.0,20.0,13.0,28.421534,11.601307,2.904117,1.044188,0.341661,0.171841,0.078845,0.007076,0.472958,0.095018,1.0,1.0
1.0,1.0,78.0,77.0,75.0,71.0,56.0,36.0,9.980567,2.147835,0.821048,0.497936,0.188872,0.159215,0.109265,0.071803,0.575965,0.109265,0.0,1.0
1.0,1.0,11.0,10.0,10.0,10.0,9.0,7.0,34.450206,8.471505,1.341273,0.077418,0.005806,0.003871,0.003871,0.003871,0.548232,0.116128,1.0,0.0
1.0,1.0,39.0,39.0,37.0,37.0,31.0,22.0,27.716587,9.203906,1.900002,0.476543,0.043182,0.004627,0.0,0.0,0.529077,0.120292,0.0,0.0
1.0,1.0,4.0,4.0,4.0,4.0,4.0,3.0,118.036826,21.57838,7.407548,0.725415,0.003959,0.003959,0.003959,0.003959,0.508743,0.105893,1.0,0.0
1.0,1.0,36.0,35.0,33.0,27.0,26.0,14.0,138.926392,72.129028,15.953894,2.452627,0.437712,0.063705,0.038017,0.031852,0.518562,0.086309,1.0,1.0
1.0,1.0,15.0,13.0,13.0,12.0,9.0,6.0,39.305552,15.394691,7.490443,0.11809,0.001952,0.0,0.0,0.0,0.577617,0.096619,1.0,0.0
1.0,1.0,100.0,90.0,83.0,77.0,66.0,41.0,23.181784,8.018066,4.092195,2.201438,1.482793,1.299209,0.972838,0.114544,0.542757,0.119251,0.0,1.0
1.0,1.0,51.0,48.0,47.0,47.0,41.0,30.0,29.421458,14.567624,2.704454,0.160706,0.006122,0.0,0.0,0.0,0.556058,0.111729,0.0,1.0
1.0,1.0,25.0,24.0,23.0,22.0,17.0,12.0,43.58214,20.669507,4.562259,0.318637,0.001949,0.0,0.0,0.0,0.510198,0.096468,1.0,0.0
1.0,1.0,50.0,49.0,49.0,46.0,41.0,29.0,62.496595,32.082323,10.936554,1.937493,0.085661,0.0,0.0,0.0,0.545114,0.084103,0.0,0.0
1.0,1.0,12.0,12.0,12.0,12.0,11.0,9.0,102.516449,61.517328,11.329713,0.700273,0.0,0.0,0.0,0.0,0.487112,0.112914,0.0,0.0
1.0,1.0,16.0,15.0,14.0,13.0,10.0,8.0,66.447502,30.704366,13.601814,1.533939,0.094144,0.00307,0.0,0.0,0.506241,0.101308,1.0,1.0
1.0,1.0,52.0,51.0,51.0,50.0,48.0,34.0,22.951977,10.029318,4.423472,0.513135,0.054096,0.023184,0.0,0.0,0.497064,0.100463,0.0,0.0
1.0,1.0,10.0,10.0,9.0,9.0,9.0,6.0,72.938941,20.285362,9.793215,0.916265,0.040814,0.0,0.0,0.0,0.528929,0.108156,1.0,0.0
1.0,1.0,5.0,5.0,5.0,5.0,3.0,1.0,75.225002,5.342564,1.821869,0.068243,0.0,0.0,0.0,0.0,0.561342,0.094092,1.0,0.0
1.0,1.0,36.0,35.0,33.0,30.0,25.0,17.0,245.337355,167.131427,70.266718,15.865128,2.259873,0.319041,0.091008,0.054196,0.489652,0.123731,1.0,1.0
1.0,1.0,60.0,59.0,58.0,56.0,54.0,34.0,14.64489,6.096383,0.706335,0.018507,0.0,0.0,0.0,0.0,0.51213,0.129546,0.0,1.0
1.0,0.0,23.0,22.0,20.0,18.0,13.0,8.0,131.077221,47.825963,24.719398,3.161361,0.044599,0.00726,0.001037,0.0,0.486577,0.115128,1.0,1.0
1.0,0.0,56.0,52.0,47.0,39.0,31.0,20.0,19.306216,7.864365,1.977152,0.335628,0.054921,0.01373,0.001526,0.0,0.556149,0.102214,0.0,1.0
1.0,1.0,3.0,3.0,3.0,3.0,3.0,3.0,60.913407,16.402759,2.568119,0.123999,0.00205,0.0,0.0,0.0,0.552365,0.108628,1.0,0.0
1.0,1.0,37.0,37.0,36.0,33.0,30.0,24.0,11.62947,5.056225,0.546619,0.058347,0.0,0.0,0.0,0.0,0.499905,0.112088,0.0,0.0
1.0,1.0,22.0,22.0,22.0,17.0,14.0,10.0,160.092663,56.331519,24.550154,3.135309,0.136362,0.045454,0.00202,0.0,0.514302,0.107069,1.0,0.0
1.0,1.0,22.0,16.0,13.0,11.0,9.0,7.0,78.342678,17.815759,3.954982,0.684634,0.1355,0.03362,0.019357,0.015282,0.490538,0.102899,1.0,1.0
1.0,1.0,59.0,58.0,56.0,56.0,54.0,44.0,25.765382,8.620228,1.097511,0.099913,0.081468,0.041503,0.03228,0.03228,0.484986,0.136805,0.0,1.0
1.0,1.0,18.0,18.0,13.0,11.0,8.0,4.0,61.611911,21.056223,3.028357,0.409181,0.087237,0.015578,0.0,0.0,0.555732,0.087237,0.0,1.0
1.0,1.0,92.0,84.0,78.0,71.0,60.0,43.0,20.384375,10.683792,8.147488,6.674239,5.694161,4.20369,2.71322,1.269718,0.521502,0.104897,0.0,1.0
1.0,1.0,16.0,15.0,15.0,12.0,11.0,8.0,173.137429,76.572323,28.766118,2.536235,0.020797,0.001981,0.00099,0.00099,0.537942,0.098043,1.0,0.0
1.0,0.0,14.0,14.0,13.0,13.0,13.0,8.0,25.537754,13.654016,0.181173,0.0,0.0,0.0,0.0,0.0,0.534954,0.135112,1.0,1.0
1.0,1.0,100.0,94.0,84.0,72.0,47.0,33.0,98.954807,44.187972,21.234133,4.521687,0.459495,0.033494,0.024074,0.016747,0.492341,0.124556,1.0,1.0
1.0,1.0,59.0,59.0,58.0,58.0,50.0,34.0,43.432426,16.415454,5.92763,1.854915,0.163532,0.004672,0.0,0.0,0.540783,0.126153,0.0,0.0
1.0,1.0,60.0,56.0,46.0,37.0,29.0,19.0,247.798988,55.343818,32.199603,11.184719,3.642385,1.822757,1.132445,0.313873,0.489107,0.077165,0.0,1.0
1.0,1.0,16.0,14.0,13.0,12.0,9.0,6.0,68.002805,13.919028,5.614372,1.196826,0.610773,0.306931,0.179215,0.086518,0.518665,0.093727,0.0,1.0
1.0,1.0,9.0,9.0,9.0,7.0,6.0,5.0,23.399496,5.309282,0.7176,0.054538,0.00287,0.001914,0.001914,0.001914,0.544008,0.09281,0.0,0.0
1.0,1.0,12.0,12.0,11.0,10.0,9.0,7.0,57.776566,25.026727,3.867387,0.117606,0.0,0.0,0.0,0.0,0.491677,0.134129,1.0,0.0
1.0,1.0,49.0,49.0,49.0,49.0,45.0,37.0,63.197145,27.377668,8.067688,0.979548,0.001552,0.0,0.0,0.0,0.516733,0.12419,0.0,0.0
1.0,1.0,12.0,11.0,10.0,10.0,6.0,5.0,36.46016,20.604073,0.878118,0.0,0.0,0.0,0.0,0.0,0.508996,0.127779,0.0,0.0
1.0,1.0,71.0,70.0,68.0,61.0,56.0,46.0,26.335311,13.482452,3.972127,0.474567,0.015819,0.0,0.0,0.0,0.547224,0.105987,0.0,1.0
1.0,1.0,52.0,52.0,52.0,52.0,49.0,40.0,77.567631,43.901178,14.709721,2.124275,0.060077,0.009243,0.0,0.0,0.520946,0.092427,0.0,0.0
1.0,1.0,19.0,15.0,14.0,13.0,12.0,9.0,110.744848,61.295658,13.508504,1.534707,0.073311,0.005788,0.001929,0.000965,0.474601,0.090674,1.0,1.0
1.0,1.0,58.0,47.0,43.0,30.0,22.0,16.0,116.663054,48.471998,24.461409,9.198188,5.534111,0.48779,0.151985,0.0267,0.544318,0.096531,1.0,1.0
1.0,1.0,24.0,22.0,19.0,17.0,15.0,8.0,198.533347,37.607844,16.580961,1.662264,0.120984,0.026434,0.0,0.0,0.487285,0.095567,1.0,1.0
1.0,0.0,18.0,18.0,18.0,17.0,13.0,8.0,57.121644,37.996253,13.657067,0.716757,0.0,0.0,0.0,0.0,0.476693,0.128283,0.0,1.0
1.0,1.0,10.0,10.0,10.0,10.0,8.0,6.0,40.641723,19.202111,4.663533,0.39985,0.0,0.0,0.0,0.0,0.549111,0.120162,0.0,0.0
1.0,1.0,17.0,17.0,17.0,16.0,12.0,8.0,31.075926,17.076411,4.842704,1.531685,0.213312,0.017689,0.002081,0.0,0.535149,0.092609,0.0,0.0
1.0,1.0,8.0,8.0,8.0,7.0,7.0,5.0,56.855339,21.532559,4.982154,0.335777,0.003893,0.003893,0.003893,0.003893,0.561032,0.136257,1.0,0.0
1.0,1.0,107.0,97.0,89.0,73.0,61.0,39.0,46.898288,26.625319,11.290695,8.119854,5.258325,3.758994,2.169764,1.330199,0.511867,0.097517,0.0,1.0
1.0,1.0,16.0,16.0,16.0,16.0,14.0,11.0,15.996582,6.311696,0.860597,0.09064,0.003899,0.003899,0.003899,0.003899,0.526985,0.124752,0.0,0.0
1.0,1.0,50.0,50.0,49.0,49.0,48.0,39.0,20.601354,11.965448,1.695515,0.016909,0.0,0.0,0.0,0.0,0.537795,0.127586,0.0,0.0
1.0,1.0,49.0,47.0,45.0,43.0,40.0,31.0,64.520618,34.302624,15.528032,4.110677,0.76606,0.121037,0.0,0.0,0.515569,0.087331,0.0,1.0
1.0,1.0,34.0,33.0,32.0,28.0,24.0,21.0,17.857563,9.394091,0.666893,0.0,0.0,0.0,0.0,0.0,0.517217,0.109128,0.0,1.0
1.0,1.0,12.0,12.0,11.0,11.0,11.0,4.0,52.843779,13.879844,4.757417,0.818891,0.007229,0.0,0.0,0.0,0.511266,0.119787,0.0,1.0
1.0,1.0,71.0,68.0,68.0,66.0,63.0,53.0,21.057006,5.89793,2.220453,0.138084,0.0,0.0,0.0,0.0,0.573077,0.09523,0.0,1.0
1.0,1.0,16.0,15.0,15.0,13.0,12.0,10.0,59.500417,31.195858,9.554155,0.330821,0.022248,0.001935,0.001935,0.0,0.545573,0.108339,1.0,0.0
1.0,1.0,74.0,73.0,72.0,65.0,57.0,44.0,43.638265,18.489718,5.710877,0.923251,0.060212,0.003088,0.0,0.0,0.536393,0.095722,0.0,1.0
1.0,1.0,76.0,76.0,74.0,69.0,61.0,41.0,56.752722,24.995829,10.18401,2.21651,0.183793,0.03613,0.0,0.0,0.569042,0.12567,0.0,0.0
1.0,1.0,55.0,55.0,52.0,50.0,46.0,34.0,40.038541,20.627072,7.855605,1.759265,0.311536,0.02138,0.0,0.0,0.48688,0.126753,0.0,0.0
1.0,1.0,49.0,47.0,46.0,44.0,43.0,37.0,44.458331,15.119368,5.057838,0.194287,0.0,0.0,0.0,0.0,0.502472,0.082811,0.0,1.0
1.0,1.0,62.0,57.0,55.0,54.0,49.0,39.0,39.299701,19.292104,5.582081,1.32613,0.181957,0.070933,0.033924,0.0,0.520974,0.100231,0.0,1.0
1.0,1.0,51.0,51.0,50.0,46.0,42.0,32.0,23.231395,12.033773,4.70161,2.03551,0.248836,0.100462,0.0,0.0,0.558956,0.103553,0.0,0.0
1.0,0.0,35.0,35.0,35.0,35.0,30.0,26.0,34.962225,22.129896,2.140513,0.68177,0.012284,0.0,0.0,0.0,0.516941,0.098273,0.0,1.0
1.0,1.0,48.0,46.0,46.0,44.0,43.0,30.0,13.613731,4.473371,0.429059,0.0,0.0,0.0,0.0,0.0,0.55301,0.100682,0.0,1.0
1.0,1.0,95.0,88.0,76.0,63.0,40.0,28.0,32.458572,18.340442,10.645895,6.215227,4.342117,2.188768,1.460568,0.613605,0.506312,0.108345,0.0,1.0
1.0,1.0,58.0,57.0,56.0,56.0,54.0,43.0,52.80355,31.473528,5.661383,0.31165,0.017227,0.0,0.0,0.0,0.491265,0.076738,0.0,1.0
1.0,1.0,39.0,35.0,32.0,22.0,18.0,13.0,47.616876,13.957929,4.96508,1.422412,0.232272,0.090442,0.04111,0.0,0.553208,0.09147,1.0,1.0
1.0,1.0,10.0,10.0,10.0,9.0,7.0,4.0,280.31585,28.260464,14.662112,0.400073,0.004135,0.0,0.0,0.0,0.489539,0.128189,1.0,0.0
1.0,1.0,6.0,6.0,5.0,5.0,5.0,3.0,82.674977,35.942309,8.814631,1.445276,0.252794,0.009324,0.0,0.0,0.491023,0.097388,1.0,0.0
1.0,1.0,114.0,110.0,93.0,76.0,51.0,27.0,189.370482,27.807442,13.990668,0.891073,0.008232,0.0,0.0,0.0,0.577045,0.131706,1.0,1.0
1.0,1.0,4.0,4.0,4.0,4.0,4.0,2.0,75.028331,17.001897,3.342154,0.087723,0.003856,0.003856,0.002892,0.001928,0.484612,0.115679,0.0,0.0
1.0,1.0,49.0,49.0,47.0,45.0,43.0,33.0,16.249863,7.055083,0.570479,0.0,0.0,0.0,0.0,0.0,0.520964,0.129436,0.0,0.0
1.0,1.0,76.0,67.0,64.0,59.0,58.0,42.0,9.698962,0.794227,0.175821,0.050018,0.001516,0.001516,0.0,0.0,0.503358,0.101552,0.0,1.0
1.0,1.0,65.0,60.0,48.0,31.0,24.0,13.0,159.723711,43.983882,17.081478,1.644218,0.248323,0.087706,0.065515,0.051778,0.558896,0.12786,1.0,1.0
1.0,1.0,16.0,16.0,15.0,13.0,12.0,10.0,82.30182,42.412705,6.386126,0.423854,0.022462,0.00293,0.001953,0.000977,0.524556,0.122078,0.0,0.0
1.0,1.0,40.0,38.0,33.0,25.0,20.0,12.0,73.082699,23.121256,13.093588,5.437382,3.845287,2.028783,0.518568,0.10715,0.527112,0.105129,1.0,1.0
1.0,1.0,12.0,12.0,12.0,11.0,10.0,7.0,19.976287,3.580179,0.841486,0.120507,0.0,0.0,0.0,0.0,0.543085,0.081368,0.0,0.0
1.0,1.0,73.0,73.0,71.0,64.0,55.0,38.0,18.317263,8.166542,0.444333,0.001532,0.0,0.0,0.0,0.0,0.48256,0.136364,0.0,1.0
1.0,0.0,40.0,40.0,40.0,37.0,37.0,28.0,13.814489,5.73161,1.772807,0.053013,0.0,0.0,0.0,0.0,0.547083,0.126295,0.0,0.0
1.0,1.0,60.0,58.0,55.0,50.0,40.0,28.0,56.709584,22.095023,11.583424,4.423014,1.065657,0.308439,0.075568,0.006169,0.557213,0.128002,0.0,1.0
1.0,1.0,16.0,16.0,15.0,14.0,14.0,11.0,4.873041,0.043887,0.0,0.0,0.0,0.0,0.0,0.0,0.538647,0.109718,1.0,0.0
1.0,1.0,38.0,38.0,37.0,36.0,36.0,27.0,45.617533,22.303813,3.135864,0.471394,0.043705,0.0,0.0,0.0,0.54268,0.096776,0.0,0.0
1.0,1.0,41.0,41.0,41.0,39.0,37.0,33.0,7.538434,3.514169,0.408077,0.012556,0.003139,0.003139,0.003139,0.0,0.53843,0.125562,0.0,0.0
1.0,1.0,74.0,67.0,58.0,53.0,39.0,23.0,153.945222,71.338393,36.523223,4.578731,1.403556,0.708442,0.457258,0.016404,0.542667,0.106625,1.0,1.0
1.0,1.0,76.0,75.0,74.0,65.0,61.0,43.0,67.496987,31.455261,10.101486,1.233002,0.117211,0.0,0.0,0.0,0.517109,0.115689,0.0,1.0
1.0,1.0,9.0,9.0,9.0,7.0,6.0,6.0,60.499827,30.109613,6.259619,0.24095,0.005083,0.001017,0.0,0.0,0.558635,0.138267,1.0,1.0
1.0,1.0,7.0,7.0,7.0,7.0,7.0,5.0,50.624155,24.834988,6.437545,0.154969,0.006823,0.005848,0.005848,0.004873,0.498377,0.121831,1.0,0.0
1.0,1.0,102.0,90.0,74.0,57.0,42.0,24.0,113.300364,55.153629,30.234191,9.321769,3.882864,1.694679,1.168066,0.518336,0.483435,0.123118,0.0,1.0
1.0,1.0,30.0,29.0,29.0,27.0,20.0,11.0,38.133694,14.141651,2.820528,1.070864,0.310141,0.01658,0.002926,0.002926,0.539224,0.114108,1.0,0.0
1.0,1.0,41.0,40.0,39.0,39.0,37.0,28.0,42.769066,15.489371,2.130502,0.026245,0.0,0.0,0.0,0.0,0.503875,0.12042,0.0,0.0
1.0,1.0,12.0,12.0,12.0,12.0,10.0,7.0,60.619638,25.412079,4.447385,0.420792,0.011826,0.0,0.0,0.0,0.507336,0.115299,1.0,0.0
1.0,1.0,9.0,9.0,9.0,9.0,8.0,7.0,245.663252,76.277243,40.731,10.618531,0.187801,0.014526,0.006225,0.00415,0.530168,0.097532,1.0,0.0
1.0,1.0,5.0,5.0,5.0,4.0,4.0,3.0,248.681883,24.802816,13.222882,0.484954,0.052867,0.0,0.0,0.0,0.534862,0.110818,1.0,1.0
1.0,1.0,52.0,52.0,52.0,48.0,47.0,34.0,18.448076,8.400367,0.617561,0.020071,0.0,0.0,0.0,0.0,0.510618,0.088002,0.0,0.0
1.0,1.0,51.0,51.0,51.0,50.0,47.0,43.0,17.525446,5.303288,0.653304,0.0,0.0,0.0,0.0,0.0,0.565561,0.099917,0.0,0.0
1.0,1.0,13.0,13.0,12.0,9.0,7.0,5.0,110.729452,41.006988,16.032405,1.468609,0.042136,0.0,0.0,0.0,0.485798,0.108938,0.0,0.0
1.0,1.0,31.0,31.0,29.0,27.0,27.0,19.0,5.410485,1.061003,0.014168,0.0,0.0,0.0,0.0,0.0,0.53432,0.13538,0.0,0.0
1.0,1.0,5.0,5.0,5.0,5.0,4.0,2.0,83.95543,12.215938,3.585707,0.333531,0.028386,0.00811,0.0,0.0,0.474454,0.127735,1.0,0.0
1.0,1.0,102.0,100.0,100.0,98.0,97.0,89.0,22.991284,8.276677,3.183456,0.713267,0.253194,0.0,0.0,0.0,0.535731,0.092632,0.0,1.0
1.0,1.0,33.0,33.0,33.0,32.0,32.0,31.0,4.645313,0.233589,0.003115,0.0,0.0,0.0,0.0,0.0,0.515357,0.099665,1.0,1.0
1.0,1.0,15.0,15.0,15.0,11.0,9.0,7.0,105.937752,14.925467,6.726256,1.45948,0.145119,0.051828,0.03006,0.020731,0.51675,0.104693,1.0,0.0
1.0,1.0,60.0,54.0,43.0,32.0,22.0,11.0,148.626224,33.828855,14.90843,3.779371,2.191994,1.041172,0.36277,0.06661,0.509626,0.139369,1.0,1.0
1.0,1.0,9.0,9.0,9.0,9.0,6.0,4.0,93.2487,35.40649,14.203166,0.885067,0.008611,0.003827,0.003827,0.003827,0.507358,0.111949,1.0,0.0
1.0,1.0,10.0,10.0,10.0,10.0,10.0,8.0,153.031271,23.984338,9.658046,0.99796,0.0666,0.036422,0.022894,0.011447,0.569537,0.089494,1.0,1.0
1.0,1.0,7.0,7.0,7.0,7.0,7.0,6.0,219.122118,35.270515,14.559888,2.72422,0.089067,0.017404,0.009214,0.00819,0.56565,0.098281,1.0,0.0
1.0,1.0,53.0,53.0,51.0,47.0,44.0,32.0,25.283836,8.337976,0.720774,0.036805,0.0,0.0,0.0,0.0,0.471802,0.141088,0.0,0.0
1.0,1.0,5.0,4.0,4.0,4.0,4.0,3.0,169.09982,78.742242,36.806527,4.141645,0.0,0.0,0.0,0.0,0.561594,0.103021,0.0,0.0
1.0,1.0,42.0,38.0,32.0,24.0,15.0,9.0,69.50377,23.654779,12.949117,5.937161,3.242952,1.846337,0.681804,0.290875,0.536498,0.099021,0.0,1.0
1.0,1.0,57.0,54.0,52.0,52.0,48.0,39.0,44.10434,25.885262,11.161831,2.23482,0.154919,0.024542,0.001534,0.0,0.516035,0.115039,0.0,0.0
1.0,0.0,12.0,12.0,12.0,11.0,9.0,5.0,24.311596,15.58072,4.154666,2.433764,1.965918,0.320257,0.0,0.0,0.482594,0.123473,0.0,1.0
1.0,1.0,43.0,42.0,42.0,40.0,39.0,31.0,19.275694,4.849994,1.224623,0.371328,0.106094,0.042437,0.013641,0.0,0.515813,0.090937,0.0,0.0
1.0,1.0,52.0,52.0,51.0,48.0,46.0,32.0,22.034077,7.656689,1.39383,0.082817,0.0,0.0,0.0,0.0,0.50783,0.142196,0.0,1.0
1.0,1.0,71.0,62.0,57.0,47.0,37.0,23.0,95.232668,28.937086,20.983416,13.241118,9.436416,3.511711,0.637256,0.294038,0.583103,0.114057,1.0,1.0
1.0,1.0,60.0,60.0,57.0,55.0,54.0,45.0,26.723328,14.492224,2.523529,0.075423,0.0,0.0,0.0,0.0,0.48657,0.081708,0.0,1.0
1.0,1.0,41.0,41.0,41.0,37.0,34.0,26.0,8.709477,3.171047,0.351992,0.004672,0.0,0.0,0.0,0.0,0.525264,0.091892,0.0,0.0
1.0,1.0,27.0,26.0,26.0,24.0,21.0,17.0,163.489683,60.452435,30.172431,6.53305,0.256523,0.0,0.0,0.0,0.538825,0.094127,0.0,1.0
1.0,0.0,49.0,47.0,46.0,41.0,34.0,22.0,151.742425,72.263727,39.77549,8.511975,0.772705,0.064138,0.013235,0.00509,0.497997,0.126239,1.0,1.0
1.0,1.0,15.0,15.0,15.0,14.0,9.0,7.0,120.571666,18.31603,6.693654,1.018466,0.035789,0.005113,0.0,0.0,0.558516,0.101233,1.0,0.0
1.0,1.0,2.0,2.0,2.0,2.0,2.0,2.0,175.245438,10.031977,3.834528,0.017743,0.0,0.0,0.0,0.0,0.520074,0.121068,1.0,0.0
1.0,1.0,87.0,82.0,80.0,77.0,72.0,46.0,30.017629,6.742002,2.193125,0.26175,0.0,0.0,0.0,0.0,0.516769,0.100673,0.0,0.0
1.0,1.0,10.0,10.0,10.0,9.0,5.0,4.0,33.273921,8.460922,1.296987,0.117103,0.0,0.0,0.0,0.0,0.565969,0.120055,1.0,0.0
1.0,1.0,29.0,28.0,27.0,27.0,25.0,21.0,6.957107,2.244822,0.099804,0.018425,0.0,0.0,0.0,0.0,0.559267,0.092127,0.0,0.0
1.0,0.0,56.0,55.0,55.0,51.0,48.0,33.0,15.933947,6.261148,1.201744,0.061946,0.0,0.0,0.0,0.0,0.540794,0.103759,0.0,1.0
1.0,1.0,39.0,39.0,37.0,36.0,33.0,27.0,15.432984,7.213987,1.306825,0.262921,0.059118,0.0,0.0,0.0,0.517661,0.121348,0.0,0.0
1.0,1.0,17.0,15.0,14.0,13.0,10.0,5.0,55.232156,3.34728,1.10389,0.012209,0.0,0.0,0.0,0.0,0.492356,0.11802,0.0,1.0
1.0,1.0,13.0,13.0,12.0,11.0,11.0,3.0,48.546062,27.189621,1.059144,0.075935,0.0,0.0,0.0,0.0,0.493149,0.142994,0.0,1.0
1.0,1.0,17.0,16.0,16.0,14.0,12.0,9.0,75.438535,20.3525,5.237412,0.206817,0.003884,0.000971,0.000971,0.000971,0.544614,0.089329,1.0,1.0
1.0,1.0,2.0,2.0,2.0,2.0,2.0,1.0,8.265705,0.983196,0.048848,0.0,0.0,0.0,0.0,0.0,0.511413,0.130954,0.0,0.0
1.0,1.0,53.0,53.0,50.0,43.0,41.0,30.0,44.194037,27.205386,4.637493,1.260828,0.178127,0.004647,0.0,0.0,0.534237,0.13011,0.0,0.0
1.0,0.0,68.0,66.0,65.0,61.0,52.0,32.0,17.693041,7.559894,0.831619,0.161405,0.058413,0.0,0.0,0.0,0.446304,0.127587,0.0,0.0
1.0,1.0,52.0,52.0,49.0,45.0,39.0,24.0,33.363123,14.744951,4.240902,0.960056,0.142987,0.114704,0.078564,0.0,0.52953,0.119418,0.0,1.0
1.0,1.0,10.0,10.0,10.0,9.0,8.0,4.0,124.588636,52.406283,18.532056,0.678461,0.0,0.0,0.0,0.0,0.505572,0.102735,1.0,0.0
1.0,1.0,16.0,16.0,14.0,13.0,9.0,7.0,51.677028,11.196286,3.203637,0.051266,0.003869,0.003869,0.003869,0.003869,0.558333,0.084154,1.0,0.0
1.0,1.0,35.0,35.0,34.0,33.0,31.0,26.0,13.144525,6.33682,0.650566,0.027881,0.0,0.0,0.0,0.0,0.53342,0.130113,0.0,0.0
1.0,0.0,1.0,1.0,1.0,1.0,1.0,1.0,179.838974,21.82449,10.189451,0.161074,0.0,0.0,0.0,0.0,0.497545,0.113159,1.0,0.0
1.0,1.0,29.0,29.0,29.0,24.0,22.0,16.0,12.990835,7.696095,0.252204,0.0,0.0,0.0,0.0,0.0,0.532484,0.099025,0.0,0.0
1.0,1.0,38.0,38.0,37.0,34.0,34.0,27.0,12.620319,3.332625,0.064562,0.0,0.0,0.0,0.0,0.0,0.568055,0.107603,0.0,0.0
1.0,1.0,21.0,20.0,20.0,19.0,15.0,12.0,77.682623,46.599175,13.868592,1.32062,0.061352,0.0,0.0,0.0,0.520033,0.128942,1.0,1.0
1.0,1.0,3.0,3.0,3.0,3.0,3.0,1.0,145.210992,74.20834,35.536604,4.212897,0.182014,0.025564,0.00409,0.00409,0.524631,0.106345,1.0,0.0
1.0,1.0,15.0,15.0,15.0,14.0,11.0,6.0,82.703077,20.592142,4.563607,0.312338,0.003856,0.003856,0.003856,0.003856,0.53348,0.095437,1.0,0.0
1.0,1.0,45.0,45.0,42.0,37.0,35.0,27.0,33.32654,13.394355,2.895828,0.31563,0.006129,0.0,0.0,0.0,0.512577,0.104189,0.0,1.0
1.0,0.0,14.0,13.0,13.0,12.0,10.0,8.0,90.996455,11.515006,4.491292,0.148244,0.004089,0.0,0.0,0.0,0.511026,0.121663,1.0,1.0
1.0,1.0,16.0,15.0,15.0,14.0,13.0,9.0,63.916326,32.425614,2.854533,0.070338,0.002931,0.001954,0.001954,0.001954,0.527709,0.122114,0.0,0.0
1.0,1.0,40.0,40.0,40.0,33.0,30.0,28.0,10.448014,3.651212,0.430546,0.114914,0.0,0.0,0.0,0.0,0.521089,0.110318,0.0,1.0
1.0,1.0,66.0,65.0,65.0,64.0,63.0,53.0,11.103445,4.009015,0.397164,0.129273,0.076318,0.052955,0.035823,0.01869,0.543196,0.096565,0.0,1.0
1.0,1.0,63.0,62.0,62.0,58.0,53.0,42.0,42.29046,19.897005,10.561198,2.730872,0.40339,0.085245,0.0,0.0,0.468996,0.097422,0.0,1.0
1.0,1.0,44.0,42.0,41.0,40.0,38.0,33.0,13.805965,5.829466,1.086128,0.011035,0.0,0.0,0.0,0.0,0.517104,0.100889,0.0,0.0
1.0,1.0,70.0,69.0,65.0,63.0,63.0,50.0,10.5601,3.108358,0.625511,0.287959,0.103985,0.004799,0.0,0.0,0.534396,0.089587,0.0,1.0
1.0,1.0,11.0,9.0,8.0,5.0,4.0,1.0,10.429941,4.230234,0.407199,0.001008,0.0,0.0,0.0,0.0,0.485566,0.126998,0.0,1.0
1.0,1.0,12.0,12.0,11.0,11.0,9.0,9.0,31.194506,9.769433,0.653731,0.005768,0.003845,0.003845,0.003845,0.003845,0.503921,0.105751,0.0,0.0
1.0,1.0,52.0,51.0,51.0,47.0,44.0,30.0,14.720819,2.266045,0.375877,0.007702,0.0,0.0,0.0,0.0,0.548588,0.100131,0.0,0.0
1.0,1.0,76.0,75.0,68.0,57.0,57.0,41.0,14.117808,6.911382,0.756721,0.226252,0.064207,0.001529,0.0,0.0,0.54633,0.114655,0.0,1.0
1.0,1.0,57.0,57.0,55.0,50.0,42.0,31.0,53.436893,30.787959,16.435701,6.679998,2.058713,0.587321,0.075733,0.023184,0.519501,0.105099,0.0,0.0
1.0,1.0,11.0,11.0,10.0,9.0,7.0,3.0,48.748479,20.827008,3.513266,0.079412,0.00287,0.001914,0.001914,0.001914,0.547186,0.083239,1.0,0.0
1.0,1.0,3.0,3.0,3.0,3.0,2.0,1.0,70.32678,21.785368,4.35523,0.330764,0.0,0.0,0.0,0.0,0.520438,0.108548,0.0,1.0
1.0,1.0,51.0,51.0,51.0,48.0,47.0,39.0,51.083367,22.58044,7.362555,1.156951,0.08417,0.0,0.0,0.0,0.485365,0.110186,0.0,0.0
1.0,1.0,34.0,33.0,30.0,26.0,23.0,20.0,9.795567,4.343259,0.297399,0.130112,0.020136,0.017038,0.007745,0.0,0.509198,0.113073,0.0,1.0
1.0,1.0,52.0,51.0,51.0,47.0,42.0,33.0,67.901042,41.540922,24.251249,6.72078,1.535258,0.243862,0.033742,0.006135,0.488149,0.1319,0.0,0.0
1.0,1.0,64.0,60.0,55.0,49.0,44.0,31.0,22.383646,7.917911,1.365524,0.031933,0.001521,0.0,0.0,0.0,0.538562,0.114047,0.0,1.0
1.0,1.0,76.0,72.0,71.0,70.0,69.0,63.0,16.588252,7.145854,3.803847,0.909444,0.197705,0.049031,0.007908,0.0,0.550922,0.094898,0.0,1.0
1.0,1.0,18.0,18.0,18.0,17.0,15.0,9.0,72.630707,25.142031,10.053525,1.824551,0.26608,0.019519,0.0,0.0,0.553314,0.093488,0.0,1.0
1.0,0.0,52.0,48.0,46.0,41.0,36.0,29.0,6.922057,3.188813,1.502631,1.039086,0.866424,0.0,0.0,0.0,0.539103,0.105775,1.0,1.0
1.0,1.0,54.0,52.0,52.0,50.0,45.0,32.0,39.970623,21.127679,6.770204,0.514676,0.108433,0.0,0.0,0.0,0.495352,0.102324,0.0,0.0
1.0,1.0,15.0,14.0,12.0,10.0,9.0,8.0,152.214876,38.938289,21.050379,3.410646,0.0,0.0,0.0,0.0,0.510366,0.175243,0.0,0.0
1.0,1.0,57.0,56.0,54.0,49.0,47.0,34.0,61.390836,29.776641,6.19829,0.424877,0.009203,0.0,0.0,0.0,0.554045,0.110437,0.0,0.0
1.0,0.0,11.0,10.0,10.0,8.0,8.0,6.0,40.064967,26.83554,6.880809,0.543781,0.118801,0.020283,0.001932,0.001932,0.561407,0.12846,0.0,1.0
1.0,1.0,17.0,17.0,17.0,17.0,11.0,10.0,33.380069,14.729532,7.566795,0.868929,0.035046,0.0,0.0,0.0,0.56703,0.093799,0.0,0.0
1.0,1.0,7.0,6.0,5.0,5.0,4.0,4.0,39.54425,16.924232,1.262382,0.184942,0.042599,0.039482,0.021819,0.02078,0.551708,0.110134,1.0,1.0
1.0,1.0,60.0,58.0,58.0,53.0,47.0,32.0,18.925093,5.026597,1.542078,0.330337,0.063936,0.006089,0.004567,0.0,0.543653,0.089815,0.0,1.0
1.0,1.0,39.0,31.0,26.0,18.0,15.0,9.0,77.675799,40.282858,11.692692,5.457218,3.843096,2.142037,0.992983,0.292239,0.546952,0.11103,0.0,1.0
1.0,1.0,10.0,10.0,10.0,9.0,8.0,5.0,16.908632,5.947963,0.644971,0.008651,0.001922,0.001922,0.001922,0.001922,0.527185,0.09516,0.0,0.0
1.0,1.0,16.0,15.0,15.0,15.0,14.0,12.0,7.811874,3.005863,0.242062,0.0,0.0,0.0,0.0,0.0,0.509341,0.128691,1.0,0.0
1.0,1.0,17.0,16.0,13.0,13.0,10.0,7.0,66.667356,32.732646,10.231284,1.204027,0.101154,0.042229,0.00491,0.002946,0.556169,0.087405,0.0,1.0
1.0,1.0,70.0,68.0,64.0,63.0,58.0,38.0,66.751648,32.166708,14.077515,3.378666,0.558174,0.063925,0.007796,0.0,0.50605,0.101344,0.0,1.0
1.0,1.0,33.0,33.0,32.0,30.0,26.0,17.0,3.889365,0.928398,0.073505,0.0,0.0,0.0,0.0,0.0,0.508808,0.111855,0.0,1.0
1.0,1.0,3.0,3.0,3.0,3.0,1.0,1.0,22.266376,6.890557,0.731205,0.063583,0.007179,0.001026,0.0,0.0,0.513383,0.106655,0.0,1.0
1.0,1.0,29.0,29.0,28.0,27.0,27.0,22.0,14.479479,4.016604,0.619921,0.253122,0.013641,0.007578,0.004547,0.0,0.529283,0.097005,0.0,0.0
1.0,1.0,72.0,70.0,62.0,56.0,43.0,32.0,44.070624,13.774396,7.155946,3.762479,2.750538,0.207763,0.078557,0.01137,0.53077,0.088894,0.0,1.0
1.0,1.0,9.0,7.0,7.0,7.0,6.0,5.0,116.423002,37.52263,12.296202,1.859262,0.51884,0.297645,0.142706,0.003058,0.567837,0.085624,0.0,1.0
1.0,1.0,48.0,43.0,39.0,32.0,27.0,18.0,23.012798,6.737583,2.403903,0.189235,0.011437,0.0,0.0,0.0,0.501554,0.138287,1.0,1.0
1.0,1.0,12.0,12.0,12.0,11.0,11.0,6.0,13.369545,2.612404,0.456656,0.101822,0.006171,0.003086,0.0,0.0,0.578226,0.098737,1.0,1.0
1.0,1.0,61.0,60.0,57.0,52.0,45.0,33.0,13.457443,4.766178,0.726187,0.238998,0.0,0.0,0.0,0.0,0.510048,0.119499,0.0,1.0
1.0,1.0,32.0,32.0,31.0,30.0,27.0,21.0,56.446038,29.652373,6.13376,0.534603,0.093824,0.003909,0.003909,0.003909,0.497352,0.11728,1.0,0.0
1.0,1.0,85.0,82.0,81.0,76.0,70.0,54.0,25.343647,12.488848,1.77083,0.344242,0.134906,0.021709,0.012405,0.009304,0.521347,0.099241,0.0,1.0
1.0,1.0,59.0,56.0,53.0,49.0,46.0,36.0,15.255822,6.582832,1.274297,0.160064,0.0,0.0,0.0,0.0,0.480213,0.138308,0.0,1.0
1.0,1.0,54.0,54.0,54.0,50.0,49.0,42.0,27.580116,15.70556,4.612778,0.218025,0.0,0.0,0.0,0.0,0.509329,0.093439,0.0,0.0
1.0,1.0,2.0,2.0,1.0,1.0,1.0,1.0,51.24685,27.522504,4.90225,0.468709,0.013132,0.00303,0.0,0.0,0.481214,0.112126,0.0,0.0
1.0,0.0,17.0,16.0,15.0,15.0,14.0,6.0,98.159745,50.046814,27.976097,3.517553,0.030811,0.0,0.0,0.0,0.49797,0.131459,0.0,0.0
1.0,1.0,57.0,49.0,38.0,29.0,24.0,15.0,118.942013,33.33793,9.652468,1.566272,0.061442,0.008058,0.001007,0.0,0.485307,0.10979,1.0,1.0
1.0,1.0,71.0,68.0,67.0,62.0,58.0,40.0,34.757253,18.105717,5.684389,1.338771,0.450873,0.109256,0.066169,0.044626,0.500307,0.135416,0.0,0.0
1.0,1.0,50.0,49.0,49.0,47.0,44.0,35.0,53.988361,31.846747,14.046053,1.869627,0.066168,0.003078,0.0,0.0,0.487796,0.124642,0.0,0.0
1.0,1.0,54.0,53.0,53.0,50.0,40.0,27.0,102.700984,72.232505,31.005396,1.716886,0.056189,0.012486,0.0,0.0,0.554264,0.101452,0.0,0.0
1.0,1.0,13.0,13.0,13.0,10.0,7.0,5.0,26.112868,11.56542,1.079928,0.202741,0.002038,0.0,0.0,0.0,0.529958,0.097805,1.0,0.0
1.0,1.0,49.0,39.0,31.0,23.0,16.0,11.0,149.32625,50.25123,25.135818,10.571634,4.894521,2.50797,1.403973,0.337729,0.493849,0.090809,1.0,1.0
1.0,1.0,74.0,68.0,64.0,47.0,33.0,23.0,31.972796,15.06526,1.679252,0.775116,0.484073,0.322048,0.20103,0.037006,0.512147,0.091014,0.0,1.0
1.0,1.0,43.0,42.0,42.0,41.0,37.0,29.0,66.538689,31.860046,12.812085,2.557157,0.250611,0.006188,0.0,0.0,0.497062,0.120664,0.0,0.0
1.0,1.0,13.0,13.0,12.0,12.0,11.0,7.0,101.64826,42.922848,19.415081,3.244811,0.456699,0.127132,0.012713,0.003912,0.520729,0.089971,1.0,0.0
1.0,1.0,9.0,9.0,9.0,8.0,8.0,5.0,79.111789,21.005374,7.55667,0.661015,0.009678,0.007742,0.003871,0.001936,0.485949,0.103556,1.0,0.0
1.0,0.0,34.0,34.0,34.0,33.0,31.0,28.0,13.632699,7.576963,0.0,0.0,0.0,0.0,0.0,0.0,0.507159,0.116663,0.0,0.0
1.0,1.0,58.0,58.0,56.0,49.0,46.0,32.0,28.2992,8.913377,0.945311,0.069395,0.0,0.0,0.0,0.0,0.493961,0.144958,0.0,0.0
1.0,0.0,29.0,29.0,29.0,27.0,25.0,16.0,15.448398,9.113819,1.633493,0.0,0.0,0.0,0.0,0.0,0.541743,0.139575,0.0,1.0
1.0,1.0,76.0,70.0,69.0,69.0,67.0,59.0,17.353282,7.519909,2.553264,1.011468,0.565684,0.0,0.0,0.0,0.551115,0.095305,0.0,1.0
1.0,1.0,71.0,58.0,51.0,39.0,29.0,17.0,85.380624,27.652738,14.272283,8.628764,7.084008,1.590308,0.845263,0.361388,0.476745,0.13261,1.0,1.0
1.0,1.0,20.0,19.0,19.0,17.0,16.0,11.0,10.727111,4.553021,0.095082,0.0,0.0,0.0,0.0,0.0,0.530975,0.129374,1.0,1.0
1.0,1.0,26.0,26.0,25.0,24.0,22.0,17.0,2.411393,0.027196,0.0,0.0,0.0,0.0,0.0,0.0,0.504559,0.098208,0.0,1.0
1.0,1.0,59.0,58.0,56.0,51.0,51.0,30.0,13.198263,3.165746,0.235966,0.0,0.0,0.0,0.0,0.0,0.530613,0.148864,0.0,1.0
1.0,1.0,66.0,65.0,65.0,64.0,63.0,53.0,11.103445,4.009015,0.397164,0.129273,0.076318,0.052955,0.035823,0.01869,0.543196,0.096565,0.0,1.0
1.0,1.0,50.0,49.0,48.0,45.0,39.0,30.0,65.456031,28.65378,11.400108,2.341426,0.133353,0.041867,0.0,0.0,0.575261,0.117847,0.0,0.0
1.0,1.0,31.0,30.0,25.0,23.0,20.0,14.0,88.279053,23.23815,9.044373,2.828181,1.15802,0.827305,0.628254,0.291319,0.557454,0.089158,0.0,1.0
1.0,1.0,56.0,50.0,45.0,39.0,31.0,23.0,105.170765,55.359483,30.940866,7.775036,2.036927,0.865821,0.471709,0.098018,0.568779,0.106186,0.0,1.0
1.0,1.0,17.0,14.0,11.0,10.0,7.0,6.0,82.150661,51.166905,26.437205,7.740111,3.026501,1.126682,0.510892,0.185514,0.56816,0.103927,1.0,0.0
1.0,1.0,81.0,72.0,68.0,58.0,55.0,36.0,37.869355,13.204527,4.375919,0.492867,0.024567,0.004606,0.0,0.0,0.555577,0.128974,0.0,1.0
1.0,1.0,46.0,46.0,46.0,46.0,44.0,30.0,34.941411,19.05047,3.484501,0.516222,0.071525,0.0,0.0,0.0,0.512276,0.104177,0.0,0.0
1.0,1.0,56.0,53.0,50.0,48.0,44.0,34.0,48.811069,23.4443,11.447292,2.439939,0.173514,0.0,0.0,0.0,0.487553,0.087525,0.0,0.0
1.0,1.0,16.0,15.0,15.0,15.0,14.0,11.0,110.47939,44.960999,13.155,1.097233,0.037361,0.006882,0.005899,0.004916,0.54068,0.079638,1.0,1.0
1.0,1.0,16.0,16.0,16.0,16.0,13.0,10.0,65.345655,29.050949,14.034021,1.800817,0.257115,0.0,0.0,0.0,0.480905,0.102239,0.0,1.0
1.0,0.0,31.0,31.0,29.0,25.0,19.0,15.0,67.365808,43.719701,17.651705,1.124267,0.13179,0.0,0.0,0.0,0.475172,0.100363,1.0,0.0
1.0,1.0,17.0,16.0,16.0,16.0,14.0,12.0,88.449152,50.830598,20.027391,0.732146,0.004914,0.004914,0.004914,0.003931,0.510628,0.110068,1.0,0.0
1.0,1.0,4.0,4.0,4.0,4.0,4.0,4.0,86.59211,8.963588,2.090261,0.24433,0.003106,0.002071,0.0,0.0,0.546505,0.102494,1.0,1.0
1.0,1.0,56.0,56.0,55.0,53.0,42.0,28.0,53.586887,21.60942,11.923178,4.328319,0.928482,0.22829,0.0,0.0,0.472707,0.116443,0.0,0.0
1.0,1.0,48.0,47.0,46.0,44.0,40.0,29.0,99.177049,54.850589,20.678375,7.283476,1.372977,0.054797,0.001522,0.0,0.562536,0.123294,0.0,0.0
1.0,1.0,107.0,98.0,77.0,63.0,47.0,28.0,199.429033,44.82088,25.534925,7.708971,0.242466,0.011447,0.003122,0.002081,0.49131,0.138403,1.0,1.0
1.0,1.0,48.0,47.0,47.0,45.0,44.0,35.0,11.077994,5.557943,0.475919,0.027282,0.0,0.0,0.0,0.0,0.504625,0.10155,0.0,0.0
1.0,0.0,30.0,29.0,29.0,27.0,26.0,22.0,10.644577,4.290741,0.23596,0.0,0.0,0.0,0.0,0.0,0.542096,0.130399,0.0,1.0
1.0,1.0,77.0,74.0,72.0,67.0,56.0,41.0,83.772137,38.064103,13.085026,2.221689,0.050279,0.001571,0.0,0.0,0.523955,0.102129,0.0,1.0
1.0,1.0,42.0,41.0,40.0,37.0,34.0,22.0,29.989661,11.839058,1.112416,0.0,0.0,0.0,0.0,0.0,0.511867,0.139838,0.0,1.0
1.0,1.0,11.0,11.0,11.0,11.0,11.0,9.0,62.554128,22.908633,11.262807,1.817784,0.143891,0.001035,0.0,0.0,0.571589,0.08385,1.0,0.0
1.0,1.0,18.0,18.0,17.0,16.0,14.0,12.0,175.012818,39.995108,18.744941,2.08117,0.15336,0.002059,0.002059,0.002059,0.494051,0.093663,0.0,1.0
1.0,1.0,105.0,97.0,88.0,77.0,66.0,43.0,20.800481,5.016614,1.363411,0.216976,0.009233,0.001539,0.001539,0.001539,0.555425,0.112335,0.0,1.0
1.0,1.0,55.0,55.0,55.0,52.0,48.0,36.0,39.61442,11.92643,3.545283,0.356969,0.001526,0.0,0.0,0.0,0.491415,0.122041,0.0,0.0
1.0,1.0,75.0,63.0,60.0,55.0,48.0,35.0,13.195493,4.396967,0.10407,0.0,0.0,0.0,0.0,0.0,0.513092,0.123966,0.0,1.0
1.0,1.0,4.0,4.0,4.0,4.0,4.0,4.0,109.049009,36.068906,9.763197,0.878155,0.0,0.0,0.0,0.0,0.495529,0.075827,1.0,0.0
1.0,1.0,30.0,27.0,23.0,19.0,14.0,13.0,136.026849,26.844296,10.606287,2.408879,0.05055,0.004127,0.001032,0.0,0.49463,0.093879,0.0,1.0
1.0,0.0,10.0,10.0,10.0,10.0,9.0,8.0,101.291533,52.441259,13.846873,1.649342,0.0,0.0,0.0,0.0,0.569019,0.106579,0.0,0.0
1.0,1.0,23.0,21.0,18.0,13.0,7.0,4.0,35.347026,9.43159,1.661299,0.247955,0.191132,0.169436,0.139475,0.001033,0.494143,0.099182,1.0,1.0
1.0,1.0,75.0,69.0,65.0,58.0,50.0,33.0,35.255608,27.110295,14.737629,5.879959,4.293759,0.722921,0.147905,0.021129,0.529568,0.150923,0.0,1.0
1.0,1.0,17.0,17.0,17.0,15.0,15.0,8.0,134.989399,48.022251,24.952301,3.784088,0.014539,0.0,0.0,0.0,0.523738,0.118253,1.0,0.0
1.0,1.0,8.0,7.0,6.0,3.0,3.0,3.0,6.246874,2.299959,0.007705,0.0,0.0,0.0,0.0,0.0,0.526939,0.125207,0.0,1.0
1.0,1.0,26.0,26.0,23.0,20.0,16.0,10.0,334.706269,34.284418,20.310994,2.665168,0.642385,0.074841,0.034302,0.016631,0.521874,0.089393,0.0,1.0
1.0,1.0,17.0,17.0,16.0,15.0,14.0,10.0,89.476597,34.50281,18.195406,2.848277,0.024414,0.0,0.0,0.0,0.493727,0.115966,0.0,0.0
1.0,1.0,90.0,85.0,79.0,73.0,66.0,53.0,36.127779,20.509326,10.452983,8.234851,6.497264,4.816122,3.411102,1.922177,0.488193,0.123569,0.0,1.0
1.0,1.0,52.0,50.0,46.0,43.0,41.0,27.0,55.903345,32.687827,9.089159,1.426168,0.088185,0.021286,0.015204,0.013684,0.469959,0.10643,0.0,1.0
1.0,1.0,2.0,2.0,2.0,2.0,2.0,2.0,99.75866,38.818198,17.832517,4.718721,0.590341,0.067153,0.0,0.0,0.544725,0.104237,1.0,0.0
1.0,1.0,147.0,132.0,113.0,91.0,65.0,37.0,32.693694,10.349979,0.917888,0.043257,0.0,0.0,0.0,0.0,0.588851,0.085459,0.0,1.0
1.0,1.0,58.0,55.0,52.0,49.0,45.0,39.0,12.547447,5.667086,0.184997,0.047791,0.007708,0.0,0.0,0.0,0.527407,0.098665,0.0,1.0
1.0,1.0,27.0,27.0,26.0,23.0,18.0,12.0,148.549839,55.618727,27.445364,5.742994,0.271292,0.030252,0.000976,0.0,0.514295,0.107346,0.0,1.0
1.0,1.0,60.0,59.0,59.0,59.0,59.0,53.0,18.05066,10.060086,0.573405,0.0,0.0,0.0,0.0,0.0,0.513586,0.098916,1.0,1.0
1.0,1.0,17.0,17.0,17.0,17.0,17.0,10.0,22.690652,6.918374,1.165543,0.062406,0.013441,0.005761,0.005761,0.0048,0.499478,0.097929,0.0,0.0
1.0,1.0,31.0,28.0,24.0,21.0,18.0,16.0,223.013915,70.165127,32.893207,7.614333,0.947343,0.168533,0.080603,0.059667,0.490747,0.105726,1.0,1.0
1.0,1.0,47.0,47.0,47.0,47.0,43.0,24.0,37.987088,21.087254,4.394263,0.392235,0.068948,0.0,0.0,0.0,0.550887,0.114913,0.0,0.0
1.0,0.0,52.0,48.0,42.0,28.0,20.0,13.0,66.675091,24.554175,5.354579,2.296426,1.343501,0.80058,0.463171,0.228007,0.519109,0.09611,0.0,1.0
1.0,1.0,141.0,130.0,110.0,84.0,62.0,34.0,88.463524,44.140608,20.072978,8.0165,4.467041,2.521083,1.708253,0.75139,0.524378,0.096694,0.0,1.0
1.0,1.0,16.0,14.0,14.0,13.0,9.0,5.0,90.759179,42.837838,11.046315,0.634947,0.005888,0.004907,0.003925,0.003925,0.524259,0.107951,1.0,1.0
1.0,1.0,21.0,21.0,21.0,20.0,16.0,10.0,49.375783,11.229296,2.839722,0.875264,0.321924,0.210845,0.085367,0.044226,0.575093,0.091538,1.0,0.0
1.0,1.0,47.0,47.0,46.0,46.0,36.0,31.0,19.975663,9.419231,2.234394,0.10618,0.006155,0.0,0.0,0.0,0.566063,0.086175,0.0,0.0
1.0,1.0,17.0,16.0,13.0,12.0,7.0,5.0,232.191751,24.433967,14.21981,2.701129,1.170489,0.378567,0.162682,0.089014,0.479711,0.11357,0.0,1.0
1.0,1.0,21.0,21.0,21.0,18.0,14.0,10.0,38.140539,21.298893,9.885579,1.396699,0.133067,0.025395,0.0,0.0,0.567239,0.097515,1.0,0.0
1.0,1.0,17.0,16.0,9.0,5.0,5.0,3.0,200.994099,18.937444,11.298169,2.657777,0.517314,0.327772,0.108908,0.008378,0.578737,0.087964,1.0,1.0
1.0,1.0,15.0,15.0,15.0,13.0,11.0,6.0,143.227303,54.821803,36.643643,9.478575,0.421132,0.030081,0.005186,0.0,0.526085,0.113062,1.0,0.0
1.0,0.0,7.0,7.0,7.0,5.0,5.0,4.0,29.345362,11.574486,0.395883,0.0,0.0,0.0,0.0,0.0,0.565168,0.085707,0.0,1.0
1.0,1.0,31.0,31.0,27.0,26.0,23.0,13.0,97.33323,55.639066,15.77683,1.829976,0.206909,0.077103,0.003904,0.003904,0.523205,0.121998,1.0,1.0
1.0,0.0,37.0,34.0,31.0,30.0,28.0,24.0,8.818234,3.161544,1.900918,1.524727,1.29287,0.165831,0.0,0.0,0.538223,0.09827,0.0,1.0
1.0,1.0,9.0,9.0,9.0,9.0,7.0,6.0,92.213462,7.607982,1.997121,0.081391,0.0,0.0,0.0,0.0,0.530446,0.092582,0.0,0.0
1.0,1.0,20.0,20.0,20.0,19.0,17.0,12.0,76.019628,8.572461,2.603775,0.31935,0.00102,0.0,0.0,0.0,0.499038,0.113252,1.0,0.0
1.0,1.0,35.0,35.0,34.0,33.0,32.0,25.0,12.291589,4.522698,0.154728,0.0,0.0,0.0,0.0,0.0,0.547669,0.099026,0.0,1.0
1.0,1.0,33.0,32.0,31.0,29.0,23.0,21.0,64.817712,12.409905,3.417786,0.275237,0.0232,0.012655,0.006327,0.005273,0.592217,0.114946,1.0,0.0
1.0,1.0,8.0,7.0,6.0,6.0,4.0,3.0,65.152426,15.387575,4.385993,0.410742,0.037617,0.001017,0.0,0.0,0.487232,0.123019,0.0,1.0
1.0,1.0,70.0,64.0,61.0,54.0,51.0,34.0,29.073507,9.481386,4.487734,1.196221,0.172195,0.051811,0.006095,0.001524,0.489025,0.091431,0.0,1.0
1.0,1.0,20.0,20.0,19.0,18.0,15.0,12.0,40.869053,20.557138,4.771691,0.087234,0.003877,0.003877,0.003877,0.003877,0.481385,0.098865,1.0,0.0
1.0,1.0,11.0,11.0,10.0,8.0,7.0,5.0,53.091251,34.100542,11.240499,0.280916,0.021165,0.003848,0.003848,0.003848,0.499752,0.100052,0.0,1.0
1.0,1.0,55.0,55.0,54.0,54.0,52.0,42.0,15.792575,4.394227,0.382578,0.009293,0.0,0.0,0.0,0.0,0.508011,0.086738,0.0,0.0
1.0,0.0,25.0,25.0,24.0,22.0,21.0,14.0,12.545788,7.01903,0.104076,0.003061,0.0,0.0,0.0,0.0,0.533689,0.079588,0.0,1.0
1.0,1.0,19.0,19.0,16.0,14.0,10.0,6.0,121.84865,33.550112,9.142322,0.710916,0.0,0.0,0.0,0.0,0.52921,0.102545,0.0,1.0
1.0,1.0,79.0,75.0,73.0,71.0,64.0,47.0,22.141784,10.054384,0.874633,0.09978,0.023386,0.0,0.0,0.0,0.560959,0.109134,0.0,1.0
1.0,1.0,38.0,36.0,32.0,19.0,13.0,8.0,159.901453,86.301094,26.082431,2.430988,0.072704,0.0,0.0,0.0,0.531522,0.144385,1.0,1.0
1.0,1.0,56.0,55.0,54.0,47.0,41.0,33.0,29.159588,16.327624,1.874695,0.132522,0.006464,0.0,0.0,0.0,0.578482,0.11636,0.0,1.0
1.0,1.0,12.0,11.0,11.0,10.0,10.0,7.0,13.082938,4.992341,0.178613,0.009814,0.003926,0.003926,0.003926,0.003926,0.513403,0.105009,0.0,1.0
1.0,1.0,35.0,35.0,34.0,30.0,27.0,21.0,20.224045,10.671793,0.937143,0.083337,0.0,0.0,0.0,0.0,0.528512,0.100633,0.0,1.0
1.0,0.0,49.0,48.0,48.0,45.0,43.0,33.0,30.461898,13.96698,1.763305,0.137858,0.011221,0.0,0.0,0.0,0.560632,0.129843,0.0,0.0
1.0,1.0,62.0,59.0,55.0,51.0,41.0,26.0,32.349761,11.285372,3.56453,1.346498,0.116819,0.039965,0.001537,0.001537,0.529271,0.129116,0.0,1.0
1.0,1.0,12.0,12.0,12.0,11.0,10.0,7.0,30.057134,18.070826,1.109987,0.0,0.0,0.0,0.0,0.0,0.539157,0.129272,0.0,1.0
1.0,1.0,101.0,87.0,73.0,60.0,42.0,24.0,145.799804,15.768882,6.647874,0.372636,0.004039,0.0,0.0,0.0,0.568974,0.064631,0.0,1.0
1.0,1.0,43.0,41.0,41.0,37.0,30.0,23.0,13.584697,4.33122,0.888847,0.010691,0.0,0.0,0.0,0.0,0.537812,0.091634,0.0,1.0
1.0,1.0,53.0,45.0,40.0,32.0,28.0,13.0,182.146473,94.791874,49.985427,17.139005,7.394142,3.559458,1.852643,0.688066,0.558753,0.098589,0.0,1.0
1.0,1.0,36.0,35.0,35.0,33.0,32.0,21.0,25.729715,17.293493,2.527816,1.060249,0.616317,0.0,0.0,0.0,0.500692,0.109839,0.0,0.0
1.0,1.0,47.0,44.0,41.0,39.0,34.0,24.0,137.877736,24.437388,10.652664,2.66342,0.257193,0.130121,0.001017,0.0,0.487769,0.11284,1.0,1.0
1.0,1.0,39.0,39.0,37.0,35.0,28.0,18.0,315.233452,162.69521,106.070092,33.2982,0.017591,0.003909,0.003909,0.003909,0.468978,0.07916,1.0,0.0
1.0,1.0,22.0,22.0,21.0,18.0,13.0,10.0,44.249119,19.370084,3.593958,0.129914,0.035702,0.000992,0.000992,0.000992,0.503204,0.091237,1.0,0.0
1.0,1.0,58.0,57.0,57.0,54.0,47.0,33.0,34.0425,18.938119,6.814341,0.378148,0.013835,0.0,0.0,0.0,0.512012,0.1199,0.0,0.0
1.0,1.0,56.0,55.0,55.0,51.0,47.0,36.0,36.371217,10.641034,2.563113,0.15848,0.016762,0.0,0.0,0.0,0.525089,0.057906,0.0,1.0
1.0,1.0,77.0,72.0,71.0,65.0,56.0,45.0,17.806279,8.705123,3.922389,0.010622,0.0,0.0,0.0,0.0,0.508897,0.110768,0.0,1.0
1.0,1.0,98.0,94.0,83.0,75.0,69.0,48.0,22.568542,11.288918,1.048655,0.051116,0.0,0.0,0.0,0.0,0.526687,0.091389,0.0,1.0
1.0,1.0,10.0,10.0,10.0,10.0,8.0,5.0,46.834688,14.499263,1.650394,0.011712,0.001952,0.001952,0.001952,0.001952,0.540532,0.096623,0.0,1.0
1.0,1.0,63.0,63.0,61.0,59.0,55.0,48.0,13.198181,5.947414,1.164862,0.10156,0.020004,0.006155,0.003078,0.0,0.507123,0.090788,0.0,1.0
1.0,1.0,43.0,42.0,41.0,39.0,37.0,32.0,16.355849,7.128051,1.585209,0.540727,0.264972,0.181783,0.14327,0.101675,0.502896,0.127864,0.0,0.0
1.0,1.0,65.0,65.0,64.0,63.0,59.0,47.0,40.636744,20.051227,1.139204,0.059877,0.0,0.0,0.0,0.0,0.541392,0.09519,0.0,0.0
1.0,1.0,84.0,75.0,71.0,65.0,60.0,49.0,14.610978,4.011277,1.400423,0.20991,0.055159,0.007661,0.0,0.0,0.494907,0.148623,0.0,1.0
1.0,0.0,7.0,7.0,7.0,7.0,6.0,4.0,172.825204,76.289701,17.212219,1.201699,0.012138,0.0,0.0,0.0,0.512196,0.142626,1.0,1.0
1.0,1.0,44.0,44.0,43.0,41.0,37.0,24.0,17.214795,4.240082,0.811118,0.143139,0.0,0.0,0.0,0.0,0.529672,0.128825,0.0,0.0
1.0,1.0,41.0,41.0,41.0,41.0,37.0,34.0,9.504083,3.107441,0.500634,0.0,0.0,0.0,0.0,0.0,0.523743,0.129145,0.0,0.0
1.0,1.0,30.0,29.0,23.0,19.0,14.0,7.0,180.58726,25.138462,10.724709,0.523459,0.0,0.0,0.0,0.0,0.537236,0.109657,0.0,1.0
1.0,1.0,72.0,69.0,68.0,62.0,56.0,46.0,24.846639,12.753548,2.537867,0.204864,0.053509,0.021404,0.0,0.0,0.523088,0.122307,0.0,1.0
1.0,1.0,19.0,19.0,19.0,18.0,16.0,7.0,112.326062,60.838986,13.94952,0.775524,0.003967,0.000992,0.000992,0.000992,0.497346,0.096197,0.0,0.0
1.0,1.0,22.0,20.0,18.0,15.0,12.0,9.0,122.648415,78.995768,43.289073,2.526427,0.049578,0.00723,0.0,0.0,0.506159,0.122913,1.0,1.0
1.0,1.0,39.0,30.0,26.0,20.0,19.0,14.0,43.192408,3.958947,1.361812,0.033663,0.0,0.0,0.0,0.0,0.504942,0.11833,0.0,1.0
1.0,1.0,114.0,99.0,94.0,84.0,76.0,49.0,31.648833,13.188407,2.217076,0.173352,0.021289,0.013686,0.013686,0.012165,0.520957,0.09732,0.0,1.0
1.0,1.0,16.0,16.0,14.0,12.0,12.0,9.0,172.476114,99.221031,33.991731,2.357988,0.007021,0.004012,0.004012,0.004012,0.529646,0.099294,1.0,1.0
1.0,1.0,81.0,80.0,78.0,71.0,58.0,44.0,51.59135,19.497929,7.77684,2.006723,0.261063,0.020445,0.0,0.0,0.569794,0.138395,0.0,0.0
1.0,1.0,30.0,29.0,29.0,23.0,20.0,16.0,10.921282,5.193938,0.418763,0.0,0.0,0.0,0.0,0.0,0.498399,0.144895,1.0,1.0
1.0,0.0,2.0,2.0,2.0,2.0,2.0,1.0,44.217416,8.618804,0.611183,0.109176,0.007142,0.0,0.0,0.0,0.546157,0.113258,1.0,0.0
1.0,1.0,49.0,48.0,45.0,40.0,37.0,26.0,26.347993,13.666809,2.556415,0.192468,0.0,0.0,0.0,0.0,0.557765,0.113308,0.0,1.0
1.0,1.0,30.0,28.0,25.0,22.0,16.0,11.0,72.636098,34.356714,8.482364,1.530209,0.146931,0.0087,0.0,0.0,0.554477,0.073465,1.0,1.0
1.0,1.0,40.0,37.0,35.0,33.0,27.0,14.0,60.43486,8.993919,2.79234,0.544623,0.008144,0.0,0.0,0.0,0.490244,0.107907,0.0,1.0
1.0,1.0,50.0,49.0,49.0,45.0,42.0,33.0,39.548732,17.201994,4.616793,1.279448,0.120493,0.0,0.0,0.0,0.499335,0.101468,0.0,0.0
1.0,1.0,64.0,63.0,60.0,57.0,54.0,46.0,8.482082,3.428348,1.467007,0.356753,0.14878,0.059192,0.035195,0.0,0.513141,0.121584,0.0,1.0
1.0,1.0,49.0,43.0,38.0,33.0,27.0,16.0,129.531941,21.298894,6.699162,0.426639,0.097104,0.033057,0.015495,0.011363,0.57331,0.097104,1.0,1.0
1.0,1.0,66.0,65.0,61.0,55.0,48.0,31.0,261.647562,72.787694,49.467081,15.577731,4.30462,1.037749,0.090921,0.010451,0.572939,0.098236,1.0,1.0
1.0,1.0,55.0,52.0,43.0,33.0,25.0,13.0,158.085764,32.598113,15.401358,2.554669,0.079543,0.006198,0.006198,0.004132,0.506789,0.147722,1.0,1.0
1.0,1.0,15.0,15.0,14.0,13.0,11.0,7.0,54.572203,26.503484,4.813643,0.436569,0.001035,0.0,0.0,0.0,0.547568,0.10966,0.0,0.0
1.0,0.0,29.0,28.0,26.0,22.0,17.0,11.0,38.812879,27.759006,23.005114,15.172345,12.584615,1.793709,0.0,0.0,0.566874,0.080835,0.0,1.0
1.0,1.0,11.0,10.0,10.0,6.0,5.0,5.0,104.72803,31.381846,7.475142,0.373965,0.029167,0.0,0.0,0.0,0.563954,0.126044,1.0,1.0
1.0,1.0,24.0,24.0,22.0,21.0,20.0,16.0,61.786898,21.00628,5.848127,0.476479,0.02205,0.006711,0.006711,0.005752,0.479665,0.075738,1.0,0.0
1.0,0.0,8.0,8.0,8.0,6.0,6.0,5.0,10.790814,5.303667,0.060822,0.001014,0.0,0.0,0.0,0.0,0.515916,0.107452,0.0,1.0
1.0,1.0,47.0,47.0,45.0,42.0,39.0,27.0,12.528883,4.043778,0.309542,0.021243,0.0,0.0,0.0,0.0,0.537362,0.121389,0.0,1.0
1.0,1.0,43.0,43.0,42.0,40.0,37.0,30.0,11.866733,2.805312,0.631619,0.0,0.0,0.0,0.0,0.0,0.531574,0.120162,0.0,0.0
1.0,1.0,40.0,39.0,39.0,34.0,32.0,21.0,34.151123,13.867574,2.267345,0.012256,0.0,0.0,0.0,0.0,0.534825,0.107239,0.0,0.0
1.0,1.0,73.0,71.0,70.0,69.0,65.0,51.0,39.332345,9.967807,3.261342,0.470356,0.0,0.0,0.0,0.0,0.518934,0.080988,0.0,0.0
1.0,1.0,41.0,41.0,39.0,37.0,36.0,28.0,9.874715,1.126417,0.173295,0.0,0.0,0.0,0.0,0.0,0.488187,0.13616,0.0,1.0
1.0,1.0,19.0,17.0,16.0,15.0,10.0,6.0,27.013234,9.422,0.773448,0.027729,0.0,0.0,0.0,0.0,0.539403,0.098043,1.0,1.0
1.0,1.0,44.0,42.0,39.0,35.0,29.0,20.0,90.583399,44.496784,22.159041,7.185051,1.694587,0.354323,0.001541,0.0,0.544443,0.104756,0.0,0.0
1.0,1.0,50.0,50.0,50.0,44.0,41.0,25.0,41.211069,21.632767,2.970196,0.189789,0.02056,0.0,0.0,0.0,0.504492,0.113873,0.0,0.0
1.0,1.0,71.0,71.0,70.0,69.0,63.0,45.0,48.461622,20.704187,4.923135,0.659769,0.0,0.0,0.0,0.0,0.555501,0.102107,0.0,0.0
1.0,1.0,20.0,19.0,18.0,16.0,16.0,14.0,12.111622,4.329571,0.381884,0.0,0.0,0.0,0.0,0.0,0.538412,0.116428,0.0,0.0
1.0,1.0,8.0,8.0,7.0,7.0,6.0,4.0,120.881753,52.934659,8.51255,0.466805,0.007862,0.004914,0.004914,0.004914,0.536556,0.110068,1.0,0.0
1.0,1.0,62.0,61.0,61.0,61.0,60.0,56.0,7.764752,2.02986,0.15508,0.0,0.0,0.0,0.0,0.0,0.484182,0.098269,0.0,0.0
1.0,1.0,50.0,49.0,47.0,41.0,35.0,24.0,55.625153,31.886051,15.739808,5.831645,1.710981,0.762635,0.200934,0.114167,0.555502,0.103511,0.0,0.0
1.0,1.0,63.0,61.0,61.0,57.0,55.0,48.0,25.678591,8.260906,3.439594,0.39765,0.020115,0.0,0.0,0.0,0.534283,0.083553,0.0,1.0
1.0,0.0,75.0,67.0,56.0,43.0,33.0,24.0,24.609135,10.657996,3.456785,2.159855,1.668933,1.252208,0.814138,0.294757,0.515086,0.087411,0.0,1.0
1.0,1.0,14.0,14.0,14.0,14.0,12.0,9.0,125.731993,48.659028,16.775043,1.694859,0.00595,0.00595,0.00595,0.00595,0.55084,0.111073,1.0,0.0
1.0,1.0,20.0,18.0,16.0,15.0,13.0,9.0,65.113664,33.124797,8.785379,0.673542,0.051811,0.002933,0.000978,0.000978,0.569458,0.089936,1.0,0.0
1.0,1.0,43.0,42.0,40.0,39.0,37.0,30.0,50.599604,34.195499,14.05579,1.45704,0.201506,0.0,0.0,0.0,0.541021,0.111603,0.0,0.0
1.0,1.0,48.0,44.0,43.0,40.0,38.0,27.0,61.603345,29.291081,6.174123,0.747636,0.044429,0.001532,0.0,0.0,0.487047,0.136352,0.0,1.0
1.0,0.0,93.0,92.0,92.0,92.0,79.0,55.0,19.010348,5.390854,0.944886,0.028159,0.001564,0.0,0.0,0.0,0.573597,0.092298,0.0,1.0
1.0,1.0,21.0,20.0,19.0,17.0,15.0,12.0,118.890171,42.814846,12.518479,1.217438,0.016478,0.008724,0.005816,0.005816,0.500901,0.106623,1.0,0.0
1.0,1.0,6.0,6.0,6.0,5.0,5.0,5.0,256.299365,74.028689,34.473861,3.261167,0.006204,0.0,0.0,0.0,0.51087,0.102364,1.0,1.0
1.0,1.0,11.0,11.0,10.0,9.0,8.0,7.0,44.440233,7.945495,1.235718,0.087179,0.001014,0.0,0.0,0.0,0.507466,0.085152,0.0,0.0
1.0,1.0,37.0,35.0,34.0,30.0,28.0,22.0,20.993883,11.376063,0.981876,0.025879,0.0,0.0,0.0,0.0,0.520133,0.123305,0.0,1.0
1.0,1.0,53.0,53.0,52.0,52.0,52.0,40.0,21.371186,11.70869,3.246648,0.525102,0.049567,0.0,0.0,0.0,0.540771,0.108428,0.0,0.0
1.0,1.0,50.0,49.0,47.0,41.0,39.0,21.0,8.676455,2.06211,0.284324,0.03363,0.003057,0.0,0.0,0.0,0.542262,0.116175,0.0,1.0
1.0,1.0,22.0,20.0,20.0,19.0,17.0,13.0,166.947109,107.806318,43.27633,6.997411,0.814788,0.063067,0.002034,0.001017,0.475679,0.123083,0.0,1.0
1.0,1.0,20.0,20.0,20.0,19.0,17.0,9.0,123.622304,34.630302,17.127238,3.043477,0.276494,0.070659,0.017409,0.013313,0.554011,0.121862,0.0,0.0
1.0,1.0,65.0,63.0,58.0,53.0,43.0,23.0,26.038897,8.304289,4.61159,1.314482,0.422067,0.210255,0.147957,0.132383,0.504429,0.109021,0.0,1.0
1.0,1.0,49.0,49.0,48.0,45.0,43.0,31.0,35.549754,16.142626,3.685274,0.502111,0.087596,0.020335,0.0,0.0,0.518605,0.117316,0.0,0.0
1.0,1.0,5.0,5.0,5.0,4.0,4.0,2.0,98.774489,21.926632,8.743269,0.361858,0.005868,0.001956,0.000978,0.000978,0.515585,0.096821,1.0,0.0
1.0,1.0,15.0,14.0,13.0,13.0,11.0,8.0,41.710781,14.05913,2.191453,0.064622,0.008553,0.006652,0.006652,0.005702,0.50477,0.114039,1.0,0.0
1.0,1.0,35.0,31.0,28.0,25.0,20.0,16.0,52.805279,27.866246,6.442991,2.395844,1.124092,0.566725,0.217331,0.142461,0.555322,0.115425,0.0,1.0
1.0,0.0,25.0,25.0,20.0,17.0,14.0,8.0,124.658601,37.333584,13.411461,1.371045,0.0,0.0,0.0,0.0,0.52483,0.131063,0.0,1.0
0.0,1.0,14.0,13.0,13.0,9.0,6.0,5.0,0.349274,0.0,0.0,0.0,0.0,0.0,0.0,0.0,0.567809,0.175413,1.0,0.0
1.0,1.0,30.0,29.0,27.0,22.0,14.0,11.0,133.231946,43.207178,14.784873,1.553071,0.311017,0.027176,0.006039,0.0,0.552687,0.091594,1.0,1.0
1.0,1.0,37.0,35.0,35.0,34.0,29.0,21.0,32.320564,12.709726,1.786315,0.185431,0.0,0.0,0.0,0.0,0.481081,0.08808,0.0,1.0
1.0,1.0,45.0,40.0,34.0,30.0,19.0,12.0,123.298724,39.026421,20.514816,7.394719,4.346491,1.503958,1.030547,0.474445,0.528052,0.112668,1.0,1.0
1.0,1.0,57.0,57.0,56.0,55.0,55.0,37.0,11.14365,1.081406,0.118469,0.0,0.0,0.0,0.0,0.0,0.520081,0.113912,0.0,1.0
1.0,0.0,29.0,29.0,28.0,24.0,23.0,19.0,7.510261,2.938598,0.376508,0.0,0.0,0.0,0.0,0.0,0.508464,0.128564,0.0,1.0
1.0,1.0,7.0,7.0,7.0,7.0,7.0,5.0,69.423565,7.031843,1.750548,0.046597,0.02118,0.008472,0.0,0.0,0.556192,0.088957,0.0,0.0
1.0,1.0,22.0,21.0,18.0,15.0,13.0,10.0,66.691933,23.545543,6.151117,0.496372,0.0,0.0,0.0,0.0,0.500073,0.116793,0.0,1.0
1.0,1.0,2.0,2.0,2.0,2.0,2.0,1.0,238.433432,28.817227,13.826108,0.128182,0.002067,0.002067,0.002067,0.002067,0.494253,0.094069,0.0,0.0
1.0,1.0,39.0,39.0,38.0,38.0,34.0,24.0,15.055103,7.935008,0.913504,0.229531,0.00154,0.0,0.0,0.0,0.515959,0.1294,0.0,0.0
1.0,1.0,6.0,6.0,6.0,5.0,5.0,3.0,156.264592,49.370508,21.969109,2.517905,0.251276,0.0,0.0,0.0,0.543301,0.131817,0.0,0.0
1.0,1.0,45.0,45.0,44.0,44.0,37.0,27.0,17.444345,5.704043,1.056079,0.140201,0.0,0.0,0.0,0.0,0.540019,0.109722,0.0,0.0
1.0,1.0,23.0,23.0,22.0,14.0,9.0,5.0,28.872984,11.024912,3.104465,1.083752,0.553848,0.357086,0.142626,0.014575,0.523488,0.09786,0.0,1.0
1.0,1.0,48.0,48.0,47.0,44.0,41.0,32.0,24.40673,10.569442,1.655585,0.151633,0.004642,0.0,0.0,0.0,0.526188,0.117593,0.0,0.0
1.0,1.0,47.0,47.0,46.0,42.0,40.0,28.0,13.216983,2.717154,0.271258,0.0,0.0,0.0,0.0,0.0,0.500146,0.12801,0.0,0.0
1.0,0.0,69.0,67.0,62.0,54.0,49.0,36.0,12.144417,4.758572,0.373131,0.053743,0.0,0.0,0.0,0.0,0.527866,0.099809,0.0,1.0
1.0,1.0,22.0,22.0,22.0,19.0,18.0,14.0,49.895756,17.775994,5.27092,0.771761,0.018632,0.006864,0.003923,0.003923,0.486903,0.100025,1.0,0.0
1.0,1.0,20.0,18.0,18.0,16.0,12.0,8.0,119.103903,30.481029,9.006061,0.964972,0.004093,0.0,0.0,0.0,0.492274,0.134052,1.0,1.0
1.0,1.0,19.0,19.0,16.0,16.0,15.0,11.0,16.862198,3.681121,0.216653,0.019876,0.003975,0.003975,0.003975,0.003975,0.555834,0.086463,1.0,1.0
1.0,0.0,24.0,23.0,23.0,18.0,15.0,12.0,137.638753,68.007684,20.508116,2.491707,0.061221,0.0,0.0,0.0,0.539105,0.11632,0.0,1.0
1.0,1.0,41.0,41.0,41.0,40.0,37.0,20.0,29.521743,12.074276,2.560276,0.215667,0.044674,0.0,0.0,0.0,0.527218,0.087807,0.0,0.0
1.0,1.0,5.0,5.0,5.0,4.0,4.0,4.0,34.651807,19.531708,6.94306,0.076804,0.0,0.0,0.0,0.0,0.553294,0.072708,0.0,0.0
1.0,1.0,60.0,55.0,48.0,35.0,24.0,17.0,65.725257,30.540841,8.442675,0.196002,0.012511,0.0,0.0,0.0,0.516642,0.094873,0.0,1.0
1.0,1.0,14.0,14.0,13.0,11.0,10.0,9.0,42.21873,14.659851,1.738361,0.2129,0.001953,0.000977,0.0,0.0,0.573369,0.077152,0.0,1.0
1.0,1.0,49.0,49.0,48.0,47.0,41.0,31.0,23.697108,9.319017,3.205968,0.3508,0.003146,0.0,0.0,0.0,0.580233,0.094386,0.0,1.0
1.0,1.0,46.0,37.0,34.0,33.0,29.0,13.0,86.175127,36.389715,20.789054,2.929168,0.243141,0.069916,0.010435,0.007305,0.523246,0.121049,1.0,1.0
1.0,1.0,26.0,26.0,23.0,22.0,17.0,8.0,102.084343,25.294782,13.534715,2.045439,0.014507,0.005803,0.004836,0.003868,0.478575,0.10058,1.0,0.0
1.0,1.0,34.0,31.0,28.0,22.0,17.0,12.0,74.12034,22.944837,5.483742,0.167466,0.0,0.0,0.0,0.0,0.504309,0.110629,0.0,1.0
1.0,1.0,14.0,14.0,12.0,10.0,8.0,6.0,39.081534,9.224076,1.313625,0.022962,0.0,0.0,0.0,0.0,0.516245,0.114811,0.0,0.0
1.0,1.0,25.0,25.0,23.0,21.0,18.0,14.0,54.625981,29.248043,5.484677,0.16243,0.011672,0.0,0.0,0.0,0.517036,0.101154,1.0,0.0
1.0,1.0,15.0,14.0,14.0,14.0,13.0,8.0,24.963152,1.112323,0.202241,0.0,0.0,0.0,0.0,0.0,0.518514,0.097993,0.0,1.0
1.0,1.0,46.0,46.0,46.0,44.0,41.0,29.0,36.722877,15.551433,1.941993,0.012389,0.0,0.0,0.0,0.0,0.524239,0.13628,0.0,0.0
1.0,1.0,14.0,13.0,12.0,12.0,12.0,10.0,28.454272,10.544213,2.477285,0.571066,0.049006,0.0,0.0,0.0,0.547444,0.094011,0.0,1.0
1.0,1.0,48.0,44.0,41.0,37.0,32.0,28.0,9.67831,3.893714,0.006134,0.0,0.0,0.0,0.0,0.0,0.50983,0.102749,1.0,1.0
1.0,1.0,55.0,53.0,51.0,47.0,39.0,26.0,71.337302,39.430203,21.117569,3.956318,0.636703,0.032852,0.0,0.0,0.540769,0.117329,0.0,0.0
1.0,1.0,7.0,7.0,7.0,7.0,7.0,6.0,87.92905,35.215324,17.197673,1.776271,0.061394,0.0,0.0,0.0,0.494013,0.123829,0.0,1.0
1.0,1.0,10.0,10.0,10.0,8.0,7.0,4.0,67.106941,17.441967,4.890571,0.287858,0.004012,0.0,0.0,0.0,0.563733,0.079236,1.0,1.0
1.0,1.0,3.0,3.0,3.0,3.0,3.0,2.0,26.240091,14.503978,1.847966,0.107202,0.0,0.0,0.0,0.0,0.480484,0.113328,1.0,0.0
1.0,1.0,82.0,80.0,78.0,70.0,65.0,48.0,52.352379,30.82639,12.004762,3.400114,1.790807,0.332751,0.137638,0.001513,0.465424,0.130076,0.0,0.0
1.0,1.0,40.0,40.0,39.0,36.0,34.0,26.0,11.941383,5.197391,0.467251,0.140175,0.0,0.0,0.0,0.0,0.565159,0.109025,0.0,0.0
1.0,1.0,12.0,12.0,11.0,10.0,9.0,9.0,149.40152,25.546812,10.556415,0.35611,0.007163,0.0,0.0,0.0,0.542723,0.11154,1.0,1.0
1.0,1.0,72.0,71.0,69.0,64.0,62.0,46.0,29.724271,11.809347,4.419873,0.8868,0.144399,0.026682,0.00157,0.0,0.541977,0.102021,0.0,0.0
1.0,1.0,21.0,20.0,19.0,17.0,13.0,6.0,27.481596,5.579173,1.98435,1.110242,0.65351,0.508516,0.238205,0.053855,0.519491,0.109781,0.0,1.0
1.0,0.0,57.0,51.0,49.0,39.0,32.0,23.0,14.615942,4.640935,0.999657,0.520623,0.275714,0.227965,0.195619,0.041588,0.512218,0.095499,0.0,1.0
1.0,1.0,11.0,11.0,9.0,9.0,8.0,5.0,13.935559,6.857066,2.138412,1.027176,0.675558,0.435678,0.333166,0.041005,0.523698,0.108663,0.0,1.0
1.0,1.0,62.0,62.0,62.0,57.0,52.0,38.0,55.050124,22.778672,10.414514,2.426668,0.169267,0.029237,0.0,0.0,0.494945,0.104638,0.0,0.0
1.0,0.0,13.0,13.0,13.0,12.0,11.0,6.0,31.004416,14.292234,0.994879,0.047469,0.0,0.0,0.0,0.0,0.549666,0.133508,0.0,0.0
1.0,1.0,151.0,131.0,120.0,105.0,84.0,57.0,45.003816,21.600797,13.209197,5.526918,3.618145,1.756558,0.715409,0.136993,0.502597,0.114161,0.0,1.0
1.0,1.0,47.0,45.0,41.0,39.0,37.0,30.0,88.802964,49.013816,25.011965,6.607696,1.177948,0.074593,0.001554,0.0,0.53816,0.113444,0.0,0.0
1.0,1.0,72.0,68.0,67.0,62.0,54.0,38.0,25.33878,10.490842,3.395,0.321211,0.061476,0.001537,0.0,0.0,0.490344,0.115267,0.0,1.0
1.0,1.0,32.0,32.0,32.0,30.0,27.0,20.0,6.21601,1.987275,0.050837,0.0,0.0,0.0,0.0,0.0,0.534695,0.095512,0.0,0.0
1.0,1.0,90.0,79.0,77.0,72.0,63.0,41.0,28.783945,4.76224,1.49945,0.318805,0.091523,0.074744,0.050338,0.041185,0.549158,0.102201,0.0,1.0
1.0,1.0,6.0,6.0,6.0,6.0,2.0,1.0,20.679649,9.497786,1.22366,0.150382,0.0,0.0,0.0,0.0,0.576318,0.071071,1.0,0.0
1.0,1.0,44.0,41.0,40.0,37.0,34.0,22.0,154.247519,70.969,36.186094,5.449273,0.34058,0.026273,0.007785,0.003892,0.517214,0.081739,1.0,1.0
1.0,1.0,12.0,12.0,10.0,9.0,8.0,4.0,51.440209,26.643732,6.51126,0.312865,0.0,0.0,0.0,0.0,0.520232,0.100426,0.0,1.0
1.0,1.0,24.0,23.0,23.0,20.0,20.0,19.0,11.276135,4.763248,0.150144,0.0,0.0,0.0,0.0,0.0,0.511507,0.122567,1.0,0.0
1.0,0.0,19.0,17.0,16.0,11.0,8.0,4.0,156.480074,20.287425,8.870512,1.772876,0.590618,0.311658,0.144078,0.066419,0.478611,0.116489,0.0,1.0
1.0,1.0,49.0,48.0,48.0,48.0,47.0,43.0,45.664014,31.845974,6.041499,0.34732,0.0,0.0,0.0,0.0,0.495989,0.116812,0.0,0.0
1.0,0.0,1.0,1.0,1.0,1.0,1.0,1.0,33.439499,11.918998,1.360702,0.044063,0.0,0.0,0.0,0.0,0.544443,0.139532,0.0,0.0
1.0,1.0,24.0,24.0,21.0,20.0,17.0,10.0,112.316034,54.790166,16.021863,2.053484,0.317197,0.074175,0.036112,0.006832,0.522596,0.101503,1.0,0.0
1.0,1.0,13.0,12.0,11.0,9.0,8.0,6.0,2.126707,0.337744,0.0,0.0,0.0,0.0,0.0,0.0,0.493133,0.135714,0.0,0.0
1.0,1.0,29.0,29.0,27.0,25.0,21.0,18.0,90.97488,49.911174,23.987895,4.047519,0.751442,0.158978,0.014812,0.006912,0.487065,0.115531,0.0,0.0
1.0,1.0,44.0,41.0,37.0,34.0,28.0,20.0,105.589735,22.571454,6.860981,1.310235,0.17909,0.05558,0.034995,0.025731,0.571479,0.086457,1.0,1.0
1.0,1.0,78.0,75.0,75.0,70.0,65.0,43.0,15.259422,8.751638,4.265453,0.185719,0.03958,0.004567,0.0,0.0,0.535677,0.118739,0.0,1.0
1.0,1.0,42.0,42.0,42.0,42.0,38.0,26.0,51.544523,33.428926,7.110968,0.84852,0.265931,0.0,0.0,0.0,0.536004,0.099916,0.0,0.0
1.0,1.0,34.0,34.0,34.0,34.0,33.0,24.0,136.285159,25.90991,15.509432,5.11411,0.307383,0.04848,0.0,0.0,0.523087,0.129967,1.0,0.0
1.0,1.0,14.0,14.0,12.0,10.0,8.0,7.0,16.424917,2.911437,2.286834,1.510384,1.00726,0.473766,0.109331,0.034419,0.480712,0.08706,0.0,1.0
1.0,1.0,47.0,47.0,47.0,43.0,39.0,22.0,43.506921,14.613012,4.392323,0.681379,0.04054,0.0,0.0,0.0,0.544724,0.124738,0.0,0.0
1.0,1.0,8.0,7.0,6.0,5.0,3.0,2.0,31.601244,14.263999,1.119798,0.029958,0.0,0.0,0.0,0.0,0.52185,0.119831,0.0,1.0
1.0,1.0,43.0,43.0,43.0,42.0,35.0,27.0,18.779656,8.466755,1.441869,0.113751,0.0,0.0,0.0,0.0,0.551409,0.102991,0.0,0.0
1.0,1.0,56.0,55.0,46.0,41.0,37.0,28.0,6.960789,2.747318,1.544124,0.631409,0.201806,0.160528,0.133009,0.11772,0.522871,0.102432,1.0,1.0
1.0,1.0,7.0,7.0,7.0,7.0,6.0,4.0,36.224453,11.398415,1.293318,0.246696,0.163764,0.020995,0.0,0.0,0.529593,0.119674,0.0,0.0
1.0,1.0,44.0,43.0,43.0,43.0,39.0,30.0,15.701175,8.789505,1.364715,0.17001,0.0,0.0,0.0,0.0,0.485962,0.092733,0.0,0.0
1.0,1.0,64.0,63.0,63.0,60.0,56.0,50.0,22.276818,10.053161,0.868831,0.056869,0.0,0.0,0.0,0.0,0.565797,0.127955,0.0,0.0
1.0,1.0,50.0,42.0,38.0,32.0,27.0,14.0,111.331612,69.973079,30.775112,4.810738,1.349973,0.550553,0.269182,0.048757,0.5453,0.077199,1.0,1.0
1.0,1.0,19.0,18.0,17.0,17.0,14.0,9.0,53.56808,30.041775,4.859127,0.518398,0.004863,0.000973,0.000973,0.000973,0.527151,0.104069,1.0,0.0
1.0,1.0,54.0,53.0,51.0,45.0,43.0,29.0,49.958494,25.272318,12.112043,4.203783,1.294784,0.200032,0.020158,0.0,0.487791,0.12095,0.0,0.0
1.0,0.0,27.0,26.0,26.0,24.0,24.0,22.0,3.123255,0.950357,0.0,0.0,0.0,0.0,0.0,0.0,0.52396,0.123166,1.0,0.0
1.0,1.0,16.0,14.0,13.0,11.0,11.0,6.0,41.058416,20.31093,3.884467,0.664028,0.08131,0.025167,0.002904,0.000968,0.53336,0.098733,1.0,0.0
1.0,1.0,71.0,69.0,66.0,62.0,58.0,43.0,41.585991,13.626055,4.13593,0.083274,0.006168,0.0,0.0,0.0,0.507812,0.127995,0.0,1.0
1.0,1.0,49.0,49.0,49.0,46.0,33.0,24.0,110.505328,36.711632,11.784233,2.122308,0.41648,0.044002,0.0,0.0,0.49997,0.09312,1.0,1.0
1.0,1.0,38.0,38.0,38.0,35.0,33.0,26.0,14.20962,5.807533,0.370426,0.003139,0.0,0.0,0.0,0.0,0.518991,0.138125,0.0,1.0
1.0,1.0,24.0,24.0,24.0,21.0,17.0,14.0,61.474413,31.674601,13.543525,0.830872,0.099421,0.025362,0.02029,0.014203,0.477519,0.120725,1.0,0.0
1.0,1.0,21.0,21.0,21.0,20.0,20.0,16.0,5.121229,1.694872,0.280699,0.0,0.0,0.0,0.0,0.0,0.4765,0.073226,1.0,1.0
1.0,1.0,17.0,16.0,13.0,11.0,10.0,5.0,210.819039,74.587451,38.238853,8.032076,0.033286,0.0,0.0,0.0,0.553325,0.084729,1.0,1.0
1.0,1.0,42.0,42.0,41.0,40.0,39.0,32.0,14.580941,5.638233,0.736568,0.004652,0.0,0.0,0.0,0.0,0.496263,0.105445,0.0,0.0
1.0,1.0,48.0,48.0,48.0,47.0,44.0,37.0,36.899066,12.316869,3.899978,0.442008,0.001562,0.0,0.0,0.0,0.535665,0.093712,0.0,0.0
1.0,1.0,48.0,48.0,48.0,44.0,39.0,31.0,87.734071,48.93537,25.024359,11.174429,3.672318,1.357435,0.215741,0.058266,0.511997,0.102359,1.0,0.0
1.0,1.0,89.0,86.0,83.0,78.0,74.0,57.0,16.894319,6.756794,3.939259,2.655733,1.235297,0.900802,0.626983,0.429398,0.575575,0.105794,0.0,1.0
1.0,1.0,54.0,53.0,43.0,37.0,32.0,22.0,121.442601,35.476429,20.114616,4.092002,0.111685,0.006205,0.0,0.0,0.569875,0.135469,1.0,1.0
1.0,1.0,6.0,6.0,6.0,6.0,5.0,4.0,47.062703,17.400517,2.614538,0.244024,0.01743,0.0,0.0,0.0,0.52922,0.108683,0.0,0.0
1.0,1.0,28.0,28.0,28.0,25.0,22.0,21.0,6.04197,2.011456,0.071458,0.0,0.0,0.0,0.0,0.0,0.552432,0.135313,0.0,0.0
1.0,1.0,11.0,7.0,6.0,6.0,6.0,5.0,31.073428,14.277795,1.746907,0.010051,0.0,0.0,0.0,0.0,0.531741,0.133682,0.0,1.0
1.0,1.0,40.0,39.0,39.0,39.0,37.0,32.0,7.783682,2.669176,0.001544,0.0,0.0,0.0,0.0,0.0,0.572946,0.148202,0.0,0.0
1.0,1.0,18.0,18.0,18.0,16.0,13.0,12.0,168.18385,91.057609,33.551339,3.910731,0.065341,0.002926,0.0,0.0,0.532806,0.096549,1.0,0.0
1.0,1.0,64.0,47.0,38.0,32.0,26.0,19.0,110.619574,60.094759,23.128045,4.482978,0.623373,0.207111,0.170382,0.141815,0.493339,0.116308,1.0,1.0
1.0,1.0,41.0,41.0,41.0,39.0,38.0,30.0,19.668175,6.11697,1.426524,0.252373,0.010772,0.001539,0.0,0.0,0.50182,0.115415,0.0,0.0
1.0,1.0,74.0,71.0,67.0,61.0,57.0,41.0,85.852437,39.979855,9.742044,0.337741,0.115665,0.029302,0.026217,0.016964,0.475689,0.120291,0.0,1.0
1.0,1.0,80.0,76.0,75.0,73.0,70.0,53.0,24.456541,7.513072,1.89681,0.123088,0.0,0.0,0.0,0.0,0.490539,0.094683,0.0,1.0
1.0,1.0,21.0,21.0,21.0,19.0,17.0,14.0,13.642698,8.1242,0.152012,0.01689,0.0,0.0,0.0,0.0,0.526838,0.092129,0.0,0.0
1.0,1.0,86.0,84.0,83.0,82.0,80.0,63.0,24.226598,4.989495,1.692755,0.165296,0.009183,0.003061,0.003061,0.0,0.537999,0.097953,0.0,1.0
1.0,1.0,64.0,62.0,60.0,58.0,51.0,43.0,42.140207,20.794294,7.617959,0.695383,0.137514,0.0,0.0,0.0,0.485808,0.087509,0.0,1.0
1.0,1.0,3.0,3.0,3.0,3.0,3.0,3.0,274.762544,37.709095,21.160846,1.487736,0.0,0.0,0.0,0.0,0.521135,0.116645,1.0,0.0
1.0,1.0,60.0,58.0,56.0,54.0,49.0,37.0,17.133907,7.879344,3.486667,0.126563,0.003087,0.0,0.0,0.0,0.534607,0.086434,0.0,1.0
1.0,1.0,26.0,26.0,25.0,22.0,19.0,16.0,7.578417,1.916966,0.180438,0.003084,0.0,0.0,0.0,0.0,0.491208,0.148052,0.0,1.0
1.0,1.0,92.0,87.0,82.0,74.0,71.0,52.0,29.970704,11.818392,1.909717,0.136958,0.006155,0.0,0.0,0.0,0.544347,0.10772,0.0,1.0
1.0,1.0,90.0,85.0,81.0,71.0,59.0,39.0,33.500085,14.112028,2.144301,0.271119,0.070861,0.012324,0.004621,0.00154,0.551878,0.087805,0.0,1.0
1.0,1.0,24.0,23.0,20.0,18.0,16.0,12.0,128.776696,61.29622,42.974037,9.673157,1.462451,0.296022,0.003116,0.0,0.485478,0.104906,1.0,1.0
1.0,1.0,18.0,14.0,13.0,11.0,10.0,5.0,63.270612,6.394202,1.538439,0.124298,0.008151,0.0,0.0,0.0,0.572817,0.090676,0.0,1.0
1.0,1.0,56.0,56.0,55.0,53.0,49.0,31.0,35.972075,15.6309,5.926638,1.727362,0.36679,0.0,0.0,0.0,0.504158,0.089346,0.0,1.0
1.0,1.0,41.0,41.0,41.0,40.0,40.0,37.0,9.85609,4.700476,0.001569,0.0,0.0,0.0,0.0,0.0,0.523321,0.122416,1.0,0.0
1.0,1.0,45.0,45.0,44.0,40.0,38.0,29.0,20.348368,10.920244,0.072174,0.0,0.0,0.0,0.0,0.0,0.489307,0.119244,0.0,1.0
1.0,1.0,35.0,35.0,35.0,33.0,30.0,24.0,34.068953,20.251396,5.291538,0.326808,0.067194,0.0,0.0,0.0,0.536133,0.131334,0.0,0.0
1.0,1.0,11.0,11.0,11.0,11.0,11.0,8.0,31.657567,15.759608,2.239425,0.207526,0.0,0.0,0.0,0.0,0.52008,0.097052,0.0,0.0
1.0,0.0,13.0,13.0,13.0,11.0,10.0,10.0,60.080491,8.290359,2.736108,0.139942,0.00386,0.0,0.0,0.0,0.526958,0.108093,1.0,0.0
1.0,1.0,16.0,16.0,16.0,15.0,14.0,13.0,8.596644,5.836869,0.045767,0.0,0.0,0.0,0.0,0.0,0.49489,0.143405,0.0,0.0
1.0,1.0,20.0,20.0,19.0,19.0,15.0,12.0,107.720344,59.410218,13.766885,2.018374,0.241474,0.057723,0.000962,0.000962,0.515494,0.090432,1.0,0.0
0.0,1.0,30.0,30.0,30.0,25.0,24.0,14.0,1.259315,0.003098,0.001549,0.0,0.0,0.0,0.0,0.0,0.539694,0.123918,0.0,0.0
1.0,1.0,28.0,28.0,25.0,22.0,21.0,15.0,90.47914,55.790363,24.653349,3.508139,0.636091,0.221161,0.004058,0.0,0.522802,0.140001,1.0,1.0
1.0,1.0,79.0,79.0,78.0,77.0,73.0,68.0,21.415656,11.118347,2.299217,0.238819,0.118629,0.026535,0.0,0.0,0.535719,0.071802,0.0,1.0
1.0,1.0,56.0,56.0,56.0,54.0,49.0,25.0,52.972626,21.61127,8.145465,1.110534,0.041819,0.0,0.0,0.0,0.517072,0.128556,0.0,0.0
1.0,1.0,30.0,30.0,29.0,27.0,23.0,17.0,140.39952,66.31084,23.107818,3.045977,0.043178,0.003925,0.003925,0.003925,0.506181,0.095187,1.0,0.0
1.0,1.0,1.0,1.0,1.0,1.0,1.0,1.0,69.710838,26.152137,3.533734,0.467823,0.19423,0.15977,0.005221,0.005221,0.490024,0.136796,0.0,0.0
1.0,1.0,46.0,44.0,33.0,31.0,23.0,12.0,270.005461,69.277656,41.219975,8.046862,0.722888,0.131899,0.064416,0.009202,0.525313,0.116562,0.0,1.0
1.0,0.0,4.0,4.0,4.0,2.0,2.0,2.0,10.541363,3.951788,0.073381,0.006849,0.000978,0.000978,0.000978,0.000978,0.538554,0.112517,0.0,1.0
1.0,1.0,34.0,33.0,27.0,21.0,16.0,9.0,13.273712,4.294346,1.511429,0.446046,0.192774,0.107666,0.003076,0.0,0.574559,0.086133,0.0,1.0
1.0,1.0,22.0,22.0,22.0,20.0,18.0,12.0,187.942208,101.992471,36.215757,6.536449,0.176525,0.006018,0.0,0.0,0.474259,0.081242,1.0,0.0
1.0,1.0,73.0,70.0,61.0,51.0,40.0,24.0,286.341351,49.691422,27.729469,5.687412,1.987205,0.517598,0.05443,0.007189,0.530448,0.11913,0.0,1.0
1.0,0.0,27.0,27.0,27.0,25.0,23.0,19.0,10.707966,4.548286,1.382068,0.074913,0.009173,0.007644,0.004587,0.004587,0.506331,0.107019,1.0,0.0
1.0,1.0,52.0,51.0,51.0,51.0,49.0,42.0,13.706668,7.36836,0.333024,0.0,0.0,0.0,0.0,0.0,0.540211,0.11772,0.0,1.0
1.0,1.0,65.0,65.0,64.0,64.0,63.0,59.0,20.180284,1.018426,0.447271,0.020916,0.0,0.0,0.0,0.0,0.503109,0.090098,0.0,0.0
1.0,0.0,62.0,62.0,61.0,55.0,52.0,45.0,43.40315,28.462506,11.749527,2.084741,0.1783,0.0,0.0,0.0,0.473414,0.109723,0.0,0.0
1.0,1.0,23.0,22.0,21.0,18.0,11.0,8.0,28.403077,11.541893,3.601532,0.108398,0.003906,0.003906,0.001953,0.001953,0.510998,0.08496,1.0,1.0
1.0,1.0,37.0,37.0,31.0,27.0,22.0,17.0,81.293263,23.867017,8.286166,1.092569,0.10313,0.041865,0.021443,0.011232,0.558357,0.108236,0.0,1.0
1.0,1.0,40.0,40.0,40.0,37.0,35.0,27.0,19.74204,9.348577,1.209544,0.167736,0.073865,0.010772,0.006155,0.0,0.519802,0.124648,0.0,0.0
1.0,1.0,17.0,17.0,17.0,17.0,14.0,11.0,97.709759,45.024782,11.536633,0.603872,0.003822,0.003822,0.003822,0.001911,0.490026,0.114659,1.0,0.0
1.0,1.0,16.0,16.0,16.0,14.0,10.0,5.0,92.843775,29.034117,8.70188,1.259483,0.198051,0.150602,0.030946,0.0,0.535544,0.114498,0.0,1.0
1.0,1.0,58.0,56.0,51.0,47.0,41.0,27.0,14.646636,7.067934,1.03841,0.530709,0.148782,0.113504,0.070557,0.049083,0.526053,0.115038,0.0,1.0
1.0,1.0,20.0,20.0,19.0,18.0,17.0,13.0,260.623387,23.27079,12.244535,2.931486,0.5793,0.073056,0.01029,0.002058,0.507941,0.101866,1.0,1.0
1.0,1.0,41.0,41.0,41.0,41.0,38.0,34.0,48.451335,28.869607,12.934323,2.700556,0.291161,0.0,0.0,0.0,0.482603,0.123243,0.0,0.0
1.0,1.0,89.0,84.0,79.0,72.0,70.0,58.0,30.126314,15.659642,7.739052,0.494274,0.082379,0.05797,0.0,0.0,0.504351,0.08543,0.0,1.0
1.0,1.0,10.0,9.0,9.0,9.0,9.0,6.0,75.361889,16.558719,2.394725,0.081551,0.003838,0.003838,0.003838,0.001919,0.536065,0.110334,1.0,0.0
1.0,1.0,21.0,21.0,21.0,21.0,21.0,21.0,403.939108,143.759623,85.137728,33.234183,4.388584,0.716154,0.037268,0.01813,0.49202,0.084609,1.0,0.0
1.0,1.0,26.0,26.0,26.0,25.0,23.0,12.0,60.86373,31.334414,8.615861,2.649828,0.603659,0.376307,0.097997,0.065658,0.545879,0.117596,1.0,1.0
1.0,1.0,2.0,2.0,2.0,2.0,2.0,1.0,9.066072,1.215436,0.071435,0.0,0.0,0.0,0.0,0.0,0.578103,0.132518,0.0,0.0
1.0,1.0,53.0,51.0,50.0,47.0,46.0,38.0,25.338479,13.69606,0.568748,0.013834,0.004611,0.0,0.0,0.0,0.513695,0.086081,0.0,1.0
1.0,1.0,3.0,3.0,3.0,3.0,3.0,3.0,39.119696,0.404306,0.106181,0.0,0.0,0.0,0.0,0.0,0.496211,0.101077,1.0,0.0
1.0,1.0,31.0,30.0,27.0,21.0,18.0,11.0,103.426152,49.700768,18.007653,2.341309,0.388909,0.155171,0.104102,0.069729,0.51521,0.125708,1.0,0.0
1.0,1.0,16.0,15.0,12.0,11.0,9.0,7.0,48.567233,18.544719,8.120221,1.464884,0.02433,0.0,0.0,0.0,0.557776,0.100362,1.0,1.0
1.0,1.0,11.0,11.0,10.0,9.0,8.0,7.0,105.038461,29.351481,13.240656,2.422403,0.006799,0.003885,0.003885,0.003885,0.512578,0.096158,1.0,0.0
1.0,1.0,8.0,8.0,8.0,7.0,7.0,6.0,114.22329,7.149179,2.453498,0.217411,0.004064,0.0,0.0,0.0,0.569023,0.09753,0.0,0.0
1.0,0.0,20.0,20.0,20.0,19.0,17.0,10.0,72.678748,25.716725,14.658684,2.235713,0.065284,0.005022,0.0,0.0,0.526396,0.084367,1.0,0.0
1.0,1.0,24.0,24.0,22.0,18.0,16.0,13.0,57.709936,23.799994,3.325423,0.234185,0.003903,0.003903,0.003903,0.003903,0.520908,0.144414,0.0,0.0
1.0,1.0,19.0,18.0,18.0,15.0,13.0,10.0,74.204722,43.47836,8.782808,0.271217,0.003847,0.003847,0.003847,0.003847,0.545294,0.090406,0.0,1.0
1.0,1.0,37.0,37.0,37.0,36.0,34.0,28.0,52.567692,24.539326,4.8042,0.083551,0.0,0.0,0.0,0.0,0.521429,0.12378,0.0,0.0
1.0,1.0,57.0,54.0,50.0,47.0,47.0,35.0,24.130569,13.07066,1.22407,0.174646,0.04173,0.010819,0.009273,0.007728,0.545656,0.095824,0.0,1.0
1.0,1.0,35.0,35.0,34.0,32.0,30.0,22.0,16.740482,8.434313,0.453906,0.0,0.0,0.0,0.0,0.0,0.478857,0.111161,1.0,0.0
1.0,1.0,37.0,37.0,37.0,34.0,31.0,23.0,61.357614,35.165912,8.114027,1.204871,0.178499,0.010772,0.0,0.0,0.478189,0.110793,0.0,0.0
1.0,1.0,12.0,12.0,12.0,12.0,11.0,9.0,159.205705,22.534048,9.497258,1.396154,0.216645,0.071212,0.024072,0.01003,0.516888,0.094281,1.0,1.0
1.0,1.0,14.0,14.0,14.0,13.0,11.0,6.0,21.240157,10.397308,0.687173,0.013254,0.0,0.0,0.0,0.0,0.521676,0.080544,1.0,1.0
1.0,1.0,18.0,18.0,18.0,16.0,16.0,12.0,42.741583,23.802081,3.837009,0.190322,0.01282,0.003944,0.003944,0.003944,0.549342,0.102557,1.0,0.0
1.0,1.0,20.0,20.0,18.0,17.0,16.0,9.0,210.665328,49.965791,28.655837,5.885352,0.536248,0.207912,0.159536,0.113219,0.50263,0.093663,1.0,1.0
1.0,1.0,36.0,36.0,35.0,33.0,27.0,19.0,49.718087,24.47149,12.510102,1.281612,0.079621,0.037412,0.003837,0.003837,0.478831,0.099766,0.0,0.0
1.0,0.0,6.0,6.0,6.0,6.0,5.0,4.0,276.491407,130.357061,43.529055,2.821299,0.022399,0.001018,0.001018,0.001018,0.47478,0.067198,1.0,1.0
1.0,1.0,20.0,20.0,20.0,19.0,16.0,14.0,8.342012,1.374588,0.129534,0.0,0.0,0.0,0.0,0.0,0.530497,0.111247,1.0,0.0
1.0,1.0,27.0,26.0,25.0,22.0,16.0,14.0,75.744359,21.878147,5.127609,0.747557,0.067385,0.023164,0.014741,0.00737,0.557738,0.114766,1.0,1.0
1.0,1.0,87.0,84.0,83.0,79.0,73.0,52.0,42.540332,18.268542,7.443595,1.578991,0.186398,0.012324,0.003081,0.003081,0.525536,0.16021,0.0,1.0
1.0,0.0,6.0,5.0,4.0,3.0,3.0,3.0,46.986497,8.003728,2.283167,0.011128,0.0,0.0,0.0,0.0,0.526457,0.110264,0.0,1.0
0.0,1.0,16.0,15.0,15.0,14.0,12.0,9.0,1.585571,0.064843,0.004632,0.0,0.0,0.0,0.0,0.0,0.492522,0.125055,1.0,0.0
1.0,1.0,67.0,66.0,66.0,64.0,61.0,55.0,51.07008,25.920766,15.032962,4.437834,0.165425,0.003181,0.001591,0.0,0.498413,0.082712,0.0,1.0
1.0,1.0,51.0,46.0,42.0,34.0,29.0,19.0,44.914316,20.704744,10.024051,4.828371,3.567413,2.005836,1.42717,0.694604,0.518726,0.108756,0.0,1.0
1.0,1.0,58.0,58.0,56.0,53.0,49.0,39.0,55.49333,25.366013,5.575429,0.242206,0.007813,0.0,0.0,0.0,0.481104,0.114071,0.0,1.0
1.0,1.0,37.0,36.0,31.0,28.0,26.0,19.0,104.319698,24.83296,9.259328,1.932381,0.477934,0.299354,0.185806,0.148645,0.518568,0.102193,0.0,1.0
1.0,1.0,38.0,38.0,38.0,37.0,36.0,25.0,20.353961,3.262627,0.857701,0.0,0.0,0.0,0.0,0.0,0.537429,0.123839,0.0,0.0
1.0,1.0,20.0,20.0,18.0,17.0,15.0,12.0,143.282037,57.339018,31.520083,5.384203,0.236986,0.045278,0.015414,0.00867,0.513881,0.088629,1.0,0.0
1.0,1.0,34.0,34.0,34.0,32.0,26.0,17.0,18.248935,10.179572,1.431258,0.095209,0.0,0.0,0.0,0.0,0.569702,0.11706,0.0,0.0
1.0,1.0,64.0,64.0,62.0,53.0,50.0,31.0,30.775909,14.45127,3.074836,0.932093,0.156114,0.071935,0.0,0.0,0.471605,0.099484,0.0,1.0
1.0,1.0,48.0,47.0,47.0,45.0,44.0,31.0,16.554713,5.179518,1.447531,0.0,0.0,0.0,0.0,0.0,0.486102,0.127589,0.0,1.0
1.0,1.0,11.0,11.0,11.0,11.0,8.0,6.0,124.114923,49.021661,27.587546,7.706053,1.116583,0.140592,0.003056,0.0,0.480642,0.111047,0.0,0.0
1.0,1.0,51.0,49.0,49.0,44.0,41.0,32.0,25.949651,14.342938,1.002086,0.003122,0.0,0.0,0.0,0.0,0.507111,0.126431,0.0,1.0
1.0,1.0,11.0,11.0,10.0,9.0,8.0,6.0,35.081379,13.418522,1.234147,0.078546,0.0,0.0,0.0,0.0,0.550612,0.130582,1.0,0.0
1.0,1.0,76.0,74.0,72.0,72.0,66.0,42.0,23.311611,7.943621,2.067625,0.273702,0.139197,0.059432,0.0,0.0,0.533349,0.092277,0.0,1.0
1.0,1.0,12.0,12.0,10.0,9.0,7.0,6.0,243.066702,26.650463,13.732893,0.099581,0.002075,0.001037,0.0,0.0,0.553246,0.084022,1.0,1.0
1.0,1.0,13.0,13.0,12.0,11.0,9.0,8.0,32.363347,14.540601,6.196998,0.40708,0.0,0.0,0.0,0.0,0.55111,0.08264,0.0,0.0
1.0,1.0,84.0,80.0,70.0,60.0,55.0,39.0,10.444347,1.210556,0.116549,0.03108,0.004662,0.001554,0.0,0.0,0.499176,0.096347,0.0,1.0
1.0,1.0,55.0,45.0,39.0,35.0,24.0,15.0,195.949062,89.820474,36.524606,4.892434,0.470367,0.182577,0.132033,0.104182,0.537545,0.091804,0.0,1.0
1.0,0.0,75.0,70.0,65.0,54.0,49.0,37.0,18.463202,7.338871,0.775037,0.094366,0.026299,0.013923,0.007735,0.003094,0.514124,0.095913,0.0,1.0
1.0,1.0,46.0,46.0,46.0,43.0,42.0,34.0,26.839906,16.25448,5.512953,0.316836,0.109734,0.0,0.0,0.0,0.520977,0.095824,0.0,1.0
1.0,1.0,44.0,43.0,43.0,42.0,34.0,25.0,29.329483,13.679697,1.502954,0.010936,0.0,0.0,0.0,0.0,0.547384,0.118737,0.0,0.0
1.0,1.0,13.0,13.0,13.0,12.0,12.0,8.0,71.506916,32.943502,6.383264,0.586822,0.013579,0.00388,0.00388,0.00388,0.488096,0.106695,1.0,0.0
1.0,1.0,17.0,17.0,16.0,14.0,11.0,9.0,76.409962,22.4424,12.292453,1.891225,0.073248,0.001017,0.0,0.0,0.540231,0.110889,1.0,1.0
1.0,1.0,86.0,86.0,84.0,74.0,64.0,49.0,50.744773,37.766183,7.12607,0.275197,0.003058,0.0,0.0,0.0,0.501192,0.152887,0.0,0.0
1.0,1.0,77.0,74.0,72.0,69.0,64.0,51.0,39.947551,18.662912,6.914089,2.175708,0.419601,0.107231,0.023311,0.006216,0.5458,0.099461,0.0,1.0
1.0,1.0,51.0,51.0,48.0,45.0,42.0,31.0,53.790614,29.425803,15.347303,3.480913,0.696815,0.154848,0.0,0.0,0.583323,0.102705,0.0,0.0
1.0,1.0,80.0,75.0,69.0,62.0,57.0,40.0,32.993047,9.871923,2.518051,0.597789,0.195696,0.140656,0.10855,0.082559,0.519216,0.099377,0.0,1.0
1.0,1.0,14.0,14.0,14.0,13.0,11.0,11.0,111.106623,27.774893,10.628492,1.38396,0.128928,0.049355,0.010072,0.007051,0.496427,0.096696,0.0,0.0
1.0,1.0,57.0,56.0,56.0,53.0,48.0,36.0,74.070073,37.389731,20.73589,5.237865,0.859218,0.09326,0.0,0.0,0.512019,0.111607,1.0,0.0
1.0,1.0,30.0,30.0,29.0,27.0,25.0,20.0,22.729159,5.918733,1.164179,0.064237,0.013836,0.009883,0.001977,0.001977,0.551606,0.10278,0.0,0.0
1.0,0.0,63.0,61.0,59.0,56.0,50.0,29.0,34.052857,14.37599,5.018964,2.007278,0.178699,0.050837,0.016946,0.007703,0.528231,0.15251,0.0,1.0
1.0,1.0,69.0,66.0,59.0,43.0,31.0,19.0,161.899703,23.385648,12.578529,1.674972,0.181709,0.0,0.0,0.0,0.512019,0.125877,1.0,1.0
1.0,1.0,44.0,43.0,42.0,41.0,39.0,27.0,173.757198,38.295535,21.430906,8.54797,3.135307,1.043,0.17138,0.080959,0.520223,0.114604,1.0,1.0
1.0,1.0,7.0,7.0,7.0,4.0,4.0,3.0,2.941371,0.987162,0.023209,0.0,0.0,0.0,0.0,0.0,0.528718,0.177937,1.0,0.0
1.0,1.0,28.0,24.0,23.0,20.0,17.0,12.0,36.00019,2.599053,0.738518,0.023397,0.004069,0.001017,0.001017,0.001017,0.482327,0.090535,0.0,1.0
1.0,1.0,55.0,55.0,55.0,55.0,53.0,42.0,22.539775,12.094326,1.299162,0.144181,0.0,0.0,0.0,0.0,0.495623,0.104301,0.0,1.0
1.0,1.0,26.0,21.0,20.0,18.0,13.0,10.0,35.746604,17.106464,11.827742,7.806147,6.151925,2.69153,0.704032,0.173222,0.551104,0.092183,0.0,1.0
1.0,1.0,60.0,59.0,57.0,54.0,48.0,32.0,71.853392,35.94111,8.96707,1.019606,0.056139,0.0,0.0,0.0,0.483102,0.098623,0.0,0.0
1.0,1.0,36.0,35.0,34.0,33.0,31.0,23.0,5.519072,0.460177,0.073141,0.0,0.0,0.0,0.0,0.0,0.498459,0.115806,0.0,1.0
1.0,1.0,19.0,19.0,19.0,18.0,15.0,9.0,13.115054,5.845388,0.15433,0.050435,0.0,0.0,0.0,0.0,0.484477,0.109948,0.0,0.0
1.0,1.0,14.0,13.0,13.0,12.0,12.0,11.0,129.327096,23.086576,9.636509,2.405554,0.337962,0.106187,0.006126,0.002042,0.512809,0.116398,1.0,0.0
1.0,1.0,99.0,98.0,92.0,86.0,75.0,51.0,21.449661,11.02656,0.494437,0.0,0.0,0.0,0.0,0.0,0.561563,0.099809,0.0,0.0
1.0,1.0,37.0,36.0,33.0,24.0,18.0,10.0,37.686807,4.978201,1.180336,0.184896,0.024986,0.007996,0.0,0.0,0.535271,0.093947,0.0,1.0
1.0,1.0,74.0,73.0,73.0,66.0,62.0,41.0,51.112703,13.356251,3.772144,0.255739,0.0,0.0,0.0,0.0,0.547192,0.082202,0.0,0.0
1.0,1.0,18.0,18.0,18.0,15.0,13.0,8.0,232.089075,86.019214,38.672474,5.094865,0.0,0.0,0.0,0.0,0.533204,0.10642,1.0,1.0
1.0,1.0,40.0,37.0,36.0,33.0,31.0,25.0,15.609862,6.743903,0.715542,0.006142,0.0,0.0,0.0,0.0,0.49121,0.107485,0.0,1.0
1.0,1.0,24.0,22.0,21.0,18.0,17.0,13.0,46.886285,14.785981,2.549909,0.401536,0.011296,0.002054,0.0,0.0,0.528378,0.075994,1.0,1.0
1.0,1.0,61.0,52.0,47.0,39.0,33.0,22.0,156.914162,78.247419,52.733117,14.090724,1.733747,0.474764,0.284254,0.197566,0.47784,0.124991,1.0,1.0
1.0,1.0,70.0,67.0,65.0,58.0,54.0,38.0,34.260055,16.501268,5.94027,1.6064,0.299262,0.006202,0.0,0.0,0.493708,0.128698,0.0,1.0
1.0,1.0,103.0,93.0,88.0,74.0,63.0,42.0,47.774853,25.40161,8.421227,2.831327,0.980658,0.686612,0.548683,0.419849,0.469762,0.110646,0.0,1.0
1.0,1.0,100.0,89.0,81.0,71.0,62.0,49.0,15.296399,7.512279,3.999727,2.96887,2.45115,0.922427,0.042761,0.015272,0.5299,0.111485,0.0,1.0
1.0,1.0,79.0,68.0,65.0,59.0,54.0,40.0,38.832528,15.447228,8.073274,3.547889,0.896685,0.228445,0.032635,0.010878,0.511621,0.105675,0.0,1.0
1.0,1.0,21.0,21.0,21.0,18.0,15.0,11.0,99.600673,49.376401,10.348749,1.667183,0.093551,0.021665,0.000985,0.0,0.520187,0.090597,1.0,0.0
1.0,1.0,24.0,23.0,23.0,21.0,19.0,16.0,109.591553,44.162829,22.708886,6.029095,1.63296,0.312776,0.028783,0.015351,0.52206,0.097862,1.0,0.0
1.0,1.0,70.0,66.0,63.0,59.0,53.0,43.0,13.180516,3.342555,0.664748,0.058009,0.0,0.0,0.0,0.0,0.550484,0.119153,0.0,1.0
1.0,1.0,6.0,6.0,6.0,6.0,5.0,5.0,190.849287,35.361162,18.670931,3.477003,0.0,0.0,0.0,0.0,0.508759,0.103653,1.0,0.0
1.0,1.0,35.0,33.0,32.0,31.0,31.0,26.0,6.193941,1.625616,0.108061,0.0,0.0,0.0,0.0,0.0,0.517101,0.08457,0.0,1.0
1.0,1.0,76.0,73.0,71.0,68.0,63.0,51.0,39.947551,18.662912,6.914089,2.175708,0.419601,0.107231,0.023311,0.006216,0.5458,0.099461,0.0,1.0
1.0,1.0,12.0,11.0,10.0,9.0,8.0,4.0,48.767678,24.28303,8.789973,0.03631,0.0,0.0,0.0,0.0,0.55137,0.08982,0.0,1.0
1.0,0.0,45.0,45.0,44.0,42.0,39.0,30.0,27.641907,13.261715,1.93981,0.073143,0.0,0.0,0.0,0.0,0.511283,0.103619,0.0,0.0
1.0,1.0,61.0,60.0,58.0,57.0,54.0,42.0,32.028807,12.793278,3.658368,0.327146,0.023592,0.020447,0.014155,0.006291,0.575902,0.102233,0.0,0.0
1.0,1.0,9.0,9.0,9.0,8.0,6.0,6.0,214.155464,31.265109,14.763404,1.748431,0.006078,0.0,0.0,0.0,0.480691,0.105352,0.0,0.0
1.0,1.0,40.0,40.0,40.0,37.0,34.0,24.0,20.465109,9.740879,3.115229,0.114235,0.057118,0.032418,0.0,0.0,0.532226,0.100342,0.0,0.0
1.0,1.0,73.0,70.0,69.0,69.0,65.0,55.0,29.93865,10.345269,3.431496,0.273904,0.0,0.0,0.0,0.0,0.477019,0.080017,0.0,1.0
1.0,1.0,12.0,10.0,9.0,8.0,8.0,6.0,189.471852,31.558679,15.718927,1.752501,0.0,0.0,0.0,0.0,0.491235,0.119775,1.0,1.0
1.0,1.0,36.0,36.0,31.0,23.0,17.0,12.0,136.329738,18.094338,10.59731,3.590284,2.15805,0.019396,0.0,0.0,0.550368,0.130667,1.0,1.0
1.0,1.0,64.0,64.0,63.0,58.0,55.0,40.0,19.673459,6.064866,0.907342,0.080105,0.0,0.0,0.0,0.0,0.551182,0.098591,0.0,0.0
1.0,0.0,25.0,23.0,23.0,21.0,20.0,14.0,10.902544,7.388796,0.204684,0.0,0.0,0.0,0.0,0.0,0.556941,0.093038,1.0,1.0
1.0,1.0,47.0,39.0,33.0,23.0,17.0,10.0,80.308142,33.759494,19.62536,16.094403,12.540772,9.182962,5.228413,3.086753,0.48357,0.098941,1.0,1.0
1.0,1.0,89.0,82.0,75.0,63.0,50.0,26.0,101.760123,44.161169,14.393255,6.712149,3.332214,1.888116,1.076849,0.570585,0.51934,0.113079,1.0,1.0
1.0,1.0,19.0,19.0,19.0,18.0,16.0,14.0,66.900142,18.928429,7.771131,1.621016,0.155301,0.018271,0.0,0.0,0.494315,0.112669,1.0,0.0
1.0,1.0,49.0,45.0,45.0,41.0,39.0,31.0,33.109097,15.416024,1.973338,0.183784,0.0,0.0,0.0,0.0,0.52644,0.087219,0.0,1.0
1.0,1.0,30.0,30.0,30.0,28.0,24.0,20.0,89.588882,52.839766,37.836507,1.504418,0.028257,0.003897,0.003897,0.003897,0.551695,0.08477,1.0,0.0
1.0,1.0,15.0,15.0,14.0,14.0,11.0,9.0,120.037514,55.14125,9.176269,1.020974,0.007691,0.004807,0.004807,0.003845,0.514624,0.085562,0.0,0.0
1.0,0.0,69.0,68.0,66.0,61.0,59.0,45.0,8.488283,1.71537,0.178684,0.001554,0.0,0.0,0.0,0.0,0.492653,0.121195,0.0,1.0
1.0,1.0,57.0,56.0,53.0,48.0,41.0,24.0,38.890039,14.428992,4.918764,0.949479,0.049404,0.0,0.0,0.0,0.503985,0.09572,0.0,0.0
1.0,1.0,73.0,67.0,64.0,59.0,51.0,37.0,32.804211,12.143579,5.871082,0.726225,0.212965,0.02145,0.019918,0.016853,0.517979,0.094991,0.0,1.0
1.0,1.0,55.0,53.0,53.0,50.0,43.0,31.0,40.467228,18.445954,9.118901,3.079428,0.840261,0.272434,0.007653,0.001531,0.483284,0.11479,0.0,0.0
1.0,1.0,8.0,8.0,7.0,6.0,6.0,5.0,159.043311,44.49486,24.861507,4.774551,0.001019,0.0,0.0,0.0,0.502323,0.113146,1.0,1.0
1.0,1.0,103.0,89.0,83.0,71.0,60.0,38.0,11.025085,3.762343,0.015592,0.010914,0.003118,0.003118,0.001559,0.001559,0.488566,0.134091,0.0,1.0
1.0,1.0,8.0,7.0,7.0,6.0,4.0,4.0,92.535168,12.757757,4.485543,0.720486,0.028819,0.004117,0.0,0.0,0.51542,0.091605,1.0,1.0
1.0,1.0,105.0,99.0,90.0,81.0,74.0,40.0,34.359395,18.130799,4.048434,0.689643,0.283436,0.100036,0.040924,0.030314,0.543699,0.115193,0.0,1.0
1.0,1.0,17.0,17.0,15.0,14.0,12.0,11.0,256.79509,21.141098,10.813817,1.906777,0.060565,0.007066,0.0,0.0,0.476528,0.089838,1.0,1.0
1.0,1.0,24.0,24.0,23.0,21.0,19.0,9.0,175.249663,44.115601,25.011717,4.756854,0.006863,0.005882,0.005882,0.005882,0.556006,0.097059,1.0,1.0
1.0,1.0,25.0,25.0,23.0,21.0,18.0,14.0,65.464119,34.935853,12.578013,0.227093,0.003949,0.003949,0.003949,0.003949,0.511398,0.095774,1.0,0.0
1.0,1.0,12.0,12.0,12.0,11.0,10.0,7.0,18.033631,3.298859,1.106733,0.147435,0.00194,0.00194,0.00194,0.00194,0.495386,0.076627,1.0,1.0
1.0,1.0,16.0,15.0,14.0,13.0,11.0,9.0,46.8325,21.635597,2.999985,0.506774,0.124958,0.046611,0.000992,0.000992,0.57876,0.101157,1.0,0.0
1.0,1.0,19.0,19.0,15.0,15.0,15.0,11.0,3.332213,0.302928,0.054801,0.0,0.0,0.0,0.0,0.0,0.519713,0.118736,1.0,1.0
1.0,1.0,19.0,19.0,19.0,17.0,11.0,9.0,34.785186,11.253488,1.742513,0.262251,0.042737,0.00777,0.0,0.0,0.53076,0.103929,0.0,1.0
1.0,1.0,71.0,61.0,53.0,48.0,33.0,22.0,108.561508,18.386337,10.46063,5.192108,2.950617,1.293951,0.686711,0.323997,0.494633,0.133471,0.0,1.0
1.0,1.0,8.0,8.0,7.0,7.0,6.0,6.0,46.118586,10.185343,2.211984,0.344313,0.04189,0.011239,0.0,0.0,0.435035,0.098083,1.0,0.0
1.0,1.0,53.0,53.0,53.0,51.0,45.0,31.0,8.030835,2.621304,0.06646,0.0,0.0,0.0,0.0,0.0,0.544477,0.105099,0.0,0.0
1.0,1.0,63.0,63.0,63.0,59.0,57.0,48.0,13.558211,5.366467,0.604079,0.051511,0.0,0.0,0.0,0.0,0.552941,0.112387,0.0,1.0
1.0,1.0,24.0,24.0,23.0,21.0,20.0,17.0,8.917154,3.321598,0.592543,0.294744,0.142027,0.083994,0.05956,0.035125,0.565303,0.099266,1.0,1.0
1.0,1.0,11.0,11.0,11.0,11.0,9.0,8.0,25.106994,7.530863,3.331612,0.420954,0.081309,0.058666,0.0,0.0,0.481566,0.10704,1.0,0.0
1.0,1.0,16.0,14.0,14.0,12.0,9.0,8.0,38.413333,17.045113,4.031629,0.074587,0.010795,0.001963,0.0,0.0,0.540083,0.102067,1.0,1.0
1.0,1.0,47.0,46.0,44.0,44.0,43.0,37.0,13.799567,4.805384,0.400321,0.0,0.0,0.0,0.0,0.0,0.53021,0.111967,0.0,1.0
1.0,1.0,48.0,47.0,46.0,44.0,44.0,34.0,35.941186,21.921019,0.16601,0.0,0.0,0.0,0.0,0.0,0.525926,0.102988,0.0,1.0
1.0,1.0,86.0,85.0,84.0,83.0,81.0,64.0,42.682998,26.767597,5.777993,1.231633,0.053413,0.0,0.0,0.0,0.501021,0.106825,0.0,0.0
1.0,1.0,57.0,57.0,57.0,57.0,55.0,42.0,12.762059,4.590646,1.191501,0.0,0.0,0.0,0.0,0.0,0.505128,0.117428,0.0,0.0
1.0,1.0,26.0,26.0,24.0,23.0,22.0,14.0,60.562971,29.497962,16.513591,1.303629,0.18843,0.024996,0.003846,0.003846,0.544926,0.08364,1.0,0.0
1.0,1.0,18.0,18.0,18.0,17.0,13.0,11.0,61.851845,9.463816,1.593744,0.053433,0.0,0.0,0.0,0.0,0.567306,0.098646,1.0,0.0
1.0,1.0,12.0,12.0,12.0,11.0,7.0,3.0,168.802033,11.933262,6.053296,0.113174,0.0,0.0,0.0,0.0,0.516734,0.128468,0.0,1.0
1.0,1.0,23.0,22.0,20.0,19.0,15.0,8.0,193.715914,44.520036,20.093178,3.154603,1.146845,0.609294,0.329601,0.182996,0.568804,0.120611,0.0,1.0
1.0,1.0,61.0,61.0,60.0,60.0,60.0,54.0,22.998348,14.307558,1.56772,0.010748,0.0,0.0,0.0,0.0,0.542038,0.090593,0.0,0.0
1.0,1.0,42.0,36.0,26.0,22.0,16.0,9.0,159.743211,27.651985,10.21556,2.912254,1.238687,0.777013,0.526597,0.122632,0.543101,0.114388,1.0,1.0
1.0,1.0,6.0,6.0,6.0,6.0,6.0,5.0,142.251289,24.543711,12.261985,1.604178,0.001039,0.0,0.0,0.0,0.546352,0.164158,1.0,0.0
1.0,1.0,32.0,32.0,32.0,31.0,29.0,25.0,19.273924,9.182954,1.230416,0.317728,0.0,0.0,0.0,0.0,0.521133,0.137059,0.0,0.0
1.0,1.0,16.0,15.0,13.0,12.0,11.0,8.0,174.865962,48.022909,26.633688,4.173555,0.007006,0.004003,0.004003,0.004003,0.551164,0.099084,0.0,1.0
1.0,1.0,69.0,66.0,64.0,60.0,55.0,41.0,56.383175,25.20587,15.568604,3.098299,0.186607,0.049351,0.0,0.0,0.497818,0.087906,0.0,0.0
1.0,0.0,8.0,8.0,8.0,6.0,5.0,3.0,168.58819,23.991799,9.644465,1.025477,0.084072,0.001038,0.001038,0.0,0.510727,0.097566,0.0,1.0
1.0,1.0,3.0,3.0,3.0,3.0,3.0,3.0,63.514534,21.300739,1.278732,0.028138,0.0,0.0,0.0,0.0,0.520574,0.103174,0.0,0.0
1.0,0.0,12.0,11.0,10.0,7.0,6.0,4.0,52.400954,12.633336,5.504258,0.789584,0.005188,0.0,0.0,0.0,0.490629,0.087155,0.0,1.0
1.0,1.0,14.0,13.0,13.0,12.0,10.0,7.0,55.860065,16.08889,3.260012,0.146944,0.0,0.0,0.0,0.0,0.523373,0.091475,0.0,0.0
1.0,1.0,17.0,16.0,16.0,15.0,10.0,9.0,95.221907,36.715595,13.216346,2.48748,0.235865,0.033695,0.023785,0.016847,0.500366,0.09613,1.0,0.0
1.0,1.0,8.0,8.0,6.0,5.0,4.0,3.0,5.195164,1.477782,0.079204,0.0,0.0,0.0,0.0,0.0,0.539724,0.110469,0.0,1.0
1.0,1.0,46.0,46.0,44.0,40.0,33.0,24.0,72.12952,33.8677,16.518211,8.237633,3.590449,1.536792,0.136501,0.047545,0.537377,0.104293,0.0,0.0
1.0,1.0,33.0,33.0,30.0,25.0,20.0,12.0,180.646355,61.770755,25.424302,6.820715,2.320945,0.379318,0.135113,0.044037,0.505824,0.101085,1.0,1.0
0.0,1.0,32.0,31.0,31.0,29.0,27.0,24.0,1.362503,0.050126,0.0,0.0,0.0,0.0,0.0,0.0,0.534504,0.091137,1.0,0.0
1.0,1.0,64.0,61.0,59.0,52.0,49.0,42.0,32.155976,17.636109,7.703571,1.426416,0.110909,0.009242,0.0,0.0,0.515891,0.092424,0.0,0.0
1.0,1.0,20.0,18.0,18.0,18.0,14.0,9.0,215.301777,74.02765,35.564813,6.803703,0.536596,0.071683,0.008192,0.003072,0.541905,0.108548,0.0,1.0
1.0,1.0,42.0,42.0,41.0,38.0,34.0,25.0,75.547942,38.591887,18.231404,6.493377,2.174345,0.824159,0.053071,0.012487,0.50883,0.112385,0.0,0.0
1.0,1.0,21.0,21.0,21.0,20.0,18.0,16.0,54.024017,19.422829,8.21246,1.589508,0.003853,0.003853,0.001927,0.000963,0.418117,0.120417,0.0,0.0
1.0,1.0,12.0,12.0,11.0,8.0,8.0,8.0,189.598986,48.266202,21.881298,2.869407,0.421728,0.1106,0.002067,0.0,0.574457,0.102331,1.0,0.0
1.0,1.0,25.0,25.0,24.0,22.0,17.0,9.0,98.889715,41.575899,19.154358,3.682002,0.41385,0.077536,0.0126,0.007754,0.521144,0.084321,1.0,0.0
1.0,1.0,48.0,46.0,45.0,41.0,35.0,25.0,16.42589,6.074005,0.440212,0.007669,0.0,0.0,0.0,0.0,0.515756,0.116572,0.0,1.0
1.0,1.0,16.0,16.0,16.0,16.0,15.0,9.0,182.410841,51.85002,19.226295,3.303264,0.344026,0.085491,0.01957,0.01339,0.514502,0.104032,1.0,0.0
1.0,1.0,12.0,11.0,11.0,11.0,10.0,8.0,73.975723,39.190608,6.678279,0.779589,0.121811,0.014211,0.0,0.0,0.475377,0.11775,0.0,1.0
1.0,1.0,46.0,42.0,35.0,29.0,24.0,13.0,102.089347,52.012674,18.369951,6.071522,2.99429,1.502395,0.932304,0.320217,0.534988,0.116538,1.0,1.0
1.0,1.0,31.0,31.0,30.0,29.0,25.0,19.0,151.929514,45.04287,22.530108,5.77716,0.830556,0.122441,0.002041,0.0,0.516652,0.108156,1.0,0.0
1.0,1.0,9.0,8.0,8.0,6.0,5.0,3.0,81.845323,18.032601,7.649846,0.996536,0.024,0.001043,0.001043,0.001043,0.530505,0.082436,1.0,1.0
1.0,1.0,53.0,53.0,52.0,51.0,48.0,37.0,30.859527,15.454766,4.001988,0.753205,0.075008,0.0,0.0,0.0,0.512783,0.087509,0.0,0.0
1.0,1.0,28.0,28.0,27.0,24.0,21.0,14.0,30.105537,9.958833,2.742626,0.433713,0.019493,0.0,0.0,0.0,0.563715,0.081869,1.0,0.0
1.0,1.0,39.0,36.0,29.0,23.0,13.0,7.0,40.525739,12.604947,4.740919,1.07757,0.563518,0.32686,0.239568,0.174584,0.485972,0.10669,1.0,1.0
1.0,1.0,15.0,14.0,13.0,12.0,12.0,9.0,33.998785,8.705129,2.806159,0.432491,0.017098,0.0,0.0,0.0,0.562255,0.074429,1.0,0.0
1.0,1.0,66.0,62.0,61.0,61.0,57.0,44.0,42.595095,20.475159,2.783822,1.13136,0.498044,0.215204,0.0,0.0,0.527952,0.086082,0.0,0.0
1.0,1.0,66.0,65.0,51.0,42.0,29.0,19.0,208.147846,48.593544,28.071082,6.437186,0.284202,0.112666,0.00203,0.0,0.518021,0.085261,1.0,1.0
1.0,1.0,66.0,64.0,59.0,54.0,48.0,38.0,28.776051,13.842765,3.151944,0.400789,0.060584,0.0,0.0,0.0,0.534948,0.091653,0.0,1.0
1.0,1.0,31.0,31.0,29.0,28.0,25.0,15.0,45.711634,21.604391,3.893095,0.575022,0.023916,0.00104,0.0,0.0,0.488219,0.110221,0.0,1.0
1.0,1.0,61.0,56.0,54.0,54.0,49.0,42.0,39.299701,19.292104,5.582081,1.32613,0.181957,0.070933,0.033924,0.0,0.520974,0.100231,0.0,1.0
1.0,0.0,55.0,54.0,54.0,51.0,42.0,33.0,57.387431,31.705494,14.686701,5.78913,1.916517,0.688059,0.123303,0.036534,0.549312,0.101991,0.0,0.0
1.0,1.0,34.0,33.0,32.0,31.0,31.0,27.0,20.10464,8.437332,0.983304,0.107717,0.001539,0.0,0.0,0.0,0.520941,0.11695,0.0,1.0
1.0,1.0,64.0,63.0,62.0,60.0,57.0,54.0,36.052177,13.940611,2.904294,0.031145,0.0,0.0,0.0,0.0,0.552828,0.146383,0.0,1.0
1.0,1.0,20.0,20.0,19.0,19.0,17.0,13.0,188.610073,83.884404,31.471749,4.185967,0.083538,0.002013,0.002013,0.001006,0.507012,0.086558,1.0,0.0
1.0,1.0,64.0,62.0,60.0,57.0,54.0,46.0,8.482082,3.428348,1.467007,0.356753,0.14878,0.059192,0.035195,0.0,0.513141,0.121584,0.0,1.0
1.0,1.0,18.0,18.0,18.0,17.0,13.0,10.0,22.320425,10.1577,0.657133,0.044193,0.007686,0.003843,0.0,0.0,0.570065,0.090308,1.0,0.0
1.0,1.0,43.0,42.0,42.0,39.0,37.0,27.0,39.211044,18.275524,3.939161,0.584198,0.018209,0.009104,0.00607,0.004552,0.47098,0.121392,0.0,0.0
1.0,1.0,66.0,64.0,64.0,61.0,60.0,48.0,18.887851,8.696194,1.611101,0.050005,0.0,0.0,0.0,0.0,0.525446,0.106261,0.0,0.0
1.0,1.0,59.0,59.0,58.0,57.0,54.0,46.0,12.724804,2.423919,0.571242,0.060212,0.004632,0.0,0.0,0.0,0.548012,0.098809,0.0,1.0
1.0,1.0,89.0,88.0,87.0,79.0,71.0,47.0,40.464405,13.897477,3.555385,0.395387,0.184514,0.031011,0.018606,0.013955,0.550869,0.088381,0.0,1.0
1.0,1.0,35.0,33.0,32.0,31.0,31.0,26.0,6.193941,1.625616,0.108061,0.0,0.0,0.0,0.0,0.0,0.517101,0.08457,0.0,1.0
1.0,1.0,71.0,70.0,69.0,65.0,61.0,35.0,22.713486,7.067331,1.158354,0.060886,0.0,0.0,0.0,0.0,0.502431,0.062408,0.0,1.0
1.0,1.0,22.0,22.0,21.0,21.0,17.0,13.0,240.040363,51.501265,26.038573,1.913008,0.05311,0.006248,0.0,0.0,0.544641,0.131213,0.0,1.0
1.0,1.0,16.0,15.0,15.0,15.0,13.0,11.0,121.493968,55.255552,13.346829,1.476767,0.024644,0.0,0.0,0.0,0.4803,0.091943,0.0,0.0
1.0,1.0,13.0,13.0,13.0,12.0,9.0,5.0,126.937632,55.080941,25.017601,4.205466,0.711158,0.079928,0.006148,0.0,0.493168,0.111695,0.0,0.0
1.0,1.0,65.0,64.0,63.0,60.0,55.0,40.0,52.339677,26.400184,5.894087,0.673435,0.016836,0.001531,0.0,0.0,0.536685,0.099485,0.0,1.0
1.0,1.0,9.0,9.0,9.0,9.0,8.0,5.0,196.172269,36.529744,18.431154,3.606006,0.05935,0.0,0.0,0.0,0.5215,0.108467,0.0,0.0
1.0,1.0,37.0,37.0,37.0,33.0,29.0,20.0,56.663568,34.477986,9.318952,1.174414,0.157301,0.003054,0.003054,0.001527,0.508829,0.106904,0.0,0.0
1.0,1.0,61.0,60.0,59.0,57.0,54.0,39.0,46.781501,22.067525,3.293158,0.293541,0.108549,0.001529,0.0,0.0,0.507493,0.099376,0.0,1.0
1.0,1.0,52.0,52.0,50.0,46.0,45.0,36.0,26.32368,13.212722,2.773472,0.326559,0.047085,0.02734,0.010632,0.004557,0.500931,0.145812,0.0,0.0
1.0,1.0,2.0,2.0,2.0,2.0,2.0,2.0,69.308275,9.477583,1.631672,0.001021,0.0,0.0,0.0,0.0,0.485357,0.135802,1.0,0.0
